0
0
0
0
0
0
0
0.218995098039212
0.168588751289991
0.395359179434259
0.703693339684054
0.973458702889818
1.14624534821903
1.21160805783484
1.19330841157466
1.21940463217553
1.12684098667071
1.04359467501882
1.19691617292236
1.34253291428214
1.60719477460963
1.49201974496092
1.41035630176497
1.34601041373487
1.13205579250471
0.918548788672625
0.765179961077791
0.654347355430945
0.652129114435613
0.680253836290986
0.779117803421206
0.780174813146947
0.844971626240973
0.890090112845528
1.00567294762341
1.08931690084941
1.12785944705449
1.16578424155823
1.24948851458139
1.26232334057411
1.31695599721915
1.33625743022028
1.37335458658988
1.29324261909401
1.29877628391560
1.27353019357663
1.32675125871720
1.38452878390959
1.39322253254141
1.41537192597564
1.41708806329549
1.48221486116223
1.54962052051835
1.48910966054929
1.44805834000880
1.38040111763022
1.38306968229568
1.26998341355926
1.21056209871999
1.04767212491670
0.989592760180992
1.10827036740349
1.24823196239605
1.35315731739880
1.40933375190341
1.48051652509856
1.50898644698954
1.48148098031999
1.44201427227743
1.34565601237428
1.36686236020601
1.43711056745112
1.59805040161077
1.61497807318240
1.77816351175484
1.90756751848083
1.91614988898270
1.75021084866286
1.58493177788843
1.46092882865328
1.34043868068635
1.31310485180454
1.40560883904537
1.51287728439431
1.59695093348344
1.72045015527987
1.68048128342246
1.36767748934931
1.18013121209715
0.994523166891585
0.903616902533309
0.881310304762314
0.853730626099044
0.936393585774388
1.06358518502481
1.07517987688266
1.13799575897099
1.15464131671562
1.21447434574369
1.33744193542955
1.42550871900717
1.44983563907712
1.51054983028667
1.55906949947197
1.57997370706349
1.66297489060647
1.61607946576986
1.61681755636864
1.64557398226129
1.71215657407608
1.76519397355310
1.61932981878802
1.42285621155590
1.32314409876329
1.26257616652353
1.22570435240714
1.33088193196552
1.53357623628521
1.69178544194024
1.72392422678800
1.73331992225181
1.60642709543638
1.26877978402746
1.09976070541086
1.05571949550277
1.04160135530104
1.09251036201500
1.25857810060596
1.42427940996052
1.55063471100623
1.58315724523155
1.66428947729257
1.44801125087503
1.21992110916259
1.14032904659839
1.12282373629123
0.951450802379592
0.909791232159650
0.870954484112376
0.850493804441171
0.843667563946200
0.894271664008504
0.948936194524427
1.03027121657152
1.08436412228982
1.23942918107005
1.14325218125527
0.996580715466161
0.891329886144125
1.03768525935708
1.10021169061416
1.22401395474151
1.28943760058311
1.28774768403251
1.31173397465967
1.23890741181763
1.23748902456333
1.11418543616686
1.02469876185046
1.00830085806866
1.18954537035032
1.24931705721179
1.26570912747383
1.28309644431935
1.24107603782526
1.13969770339739
1.07474627195989
0.935483135715332
0.966709485904530
0.977418745684997
1.12378524468307
1.17200788547537
1.09082958665002
0.862732468769619
0.774907144798784
0.736456792261744
0.851875205977371
0.929296116680015
0.981919155835562
0.939153381877838
0.947596469577892
0.891821285010137
0.798539394901622
0.777821198409431
0.841503869367644
1.02422961455469
1.13633633308556
1.20802415678576
1.23452120634783
1.21377342128116
1.29661132641009
1.30903389695959
1.28504808744747
1.18238246961157
1.19796752954647
1.32911275171337
1.25924312185922
1.23410774811703
1.23082894917260
1.28025022792824
1.19887455166093
1.22684513628786
1.20161570455688
1.17540539955400
1.06244758853118
0.960512183035401
0.925365827842605
0.662728078594949
0.548515760125665
0.672028633561139
0.761656154303211
0.833190021193115
0.873025022792822
0.925452548827160
0.868253624600372
0.831735490172021
0.878782466243764
0.900125210187127
0.828131818302095
0.961091084697893
1.19785915838547
1.22321470239427
1.21230656168736
1.12793444086014
1.14557482421259
1.14515072131171
1.10878221365837
1.12706320167620
1.17011319433920
1.19113365135037
1.33269561535815
1.35076004147211
1.19887346915210
1.03668562259893
0.911676842249596
0.794253201219144
0.706701210725977
0.545077170851164
0.432998236713406
0.344679890113326
0.224986829475993
0.139519269859827
0.0483552481230496
0
0
0
0.0300567595459235
0
0
0
0
0
0
0
0
0
0
0
0
0
0
0
0
0
0
0
0
0
0
0
0
0
0
0
0
0
0
0
0
0
0
0
0
0
0
0
0
0
0
0
0
0
0
0
0
0
0
0
0
0
0
0
0
0
0
0
0
0
0
0
0
0
0
0
0
0
0
0
0
0
0
0
0
0
0
0
0
0
0
0
0
0
0
0
0
0
0
0
0
0
0
0
0
0
0
0
0
0
0
0
0
0.0773993808049517
0.0515995872032986
0
0
0
0
0.695125883748168
1.97872328909480
3.47175385673837
4.87434987076046
5.96476039870001
6.64105477103735
6.94636925789208
7.11358674113124
7.18322270694561
7.25394058018863
6.99477583497512
6.66556822842619
6.21922670982268
5.51046015495512
4.81758919722348
4.33106189153982
3.78793859649122
3.05126158134091
2.53218244603693
2.10255790820806
1.72720885925220
1.43968555524282
1.33190213639129
1.44277683960346
1.55736310473152
1.74566900248014
1.89707854924573
2.06114605209032
2.06811374040476
2.40425798831371
2.57207650450684
2.27447780977192
1.91561440795186
1.91852531025905
2.48068637073280
3.39354378507628
4.67672488158555
5.53446040543562
6.01010119841243
6.18268568183621
5.98322535420590
5.76446254301468
5.79527441861758
6.09142755099216
6.39773966782914
6.56672343936806
6.44807862539721
6.43016154489644
6.62981288496718
6.99625520168040
7.54377405387224
8.08963309115203
8.50552138824438
8.73207634012586
8.40222569827831
8.06492114123691
8.11616332011067
8.34980961877245
8.65903662327809
8.81976853555799
8.70970340861979
8.53591940681722
8.52288932830726
8.72686149419893
9.04278311414532
9.58740617254547
10.1630521155830
10.7664170433436
11.2686561174177
11.7992879697988
12.3347820909740
12.8827270183377
13.4047856102643
13.8414080130539
14.2000461102825
14.6404801192784
14.8737482589650
14.2489568624243
13.1994154051429
11.9104556520191
10.5170364035689
8.98907405803689
7.14018453167058
5.44962593306245
3.82772867397479
2.48899004332440
1.38942563284668
0.763238992689450
0.453548584198733
0.322238910899897
0.306244752839177
0.277614769990929
0.130762495158779
0.00660195068089738
0.0177489950709759
0.0261899478230744
0
0
0
0.00193498452012379
0.00290247678018574
0
0
0
0
0
0
0
0
0
0
0
0
0
0
0
0
0
0
0
0
0
0
0
0
0
0
0
0
0
0
0
0
0
0.0773993808049517
0.0515995872032986
0
0
0
0.206232484405852
0.937023305212150
1.79613063235353
2.74186055602463
3.76957729233270
4.94482067639962
6.24698894157098
7.24133289311307
7.95045898374070
8.16744078075346
7.98582821547216
7.27794478483332
5.93871598817418
4.68237080257203
3.86052511300188
3.89953416037006
4.55989815997554
5.49593993038264
6.05591001705551
6.26742442284237
6.28963569969761
5.89648298897524
5.38237765846124
4.97622209232115
4.91542448779290
5.17505135902968
5.16394393145553
4.97430950971972
4.49606114130107
3.98668746436741
3.48746785764974
3.05224057418329
2.47397922961970
1.94902617699637
1.58783116715585
1.25721493633645
0.835576276578594
0.601948320427419
0.650073204659113
0.996899228652319
1.31489524622264
1.54499447920500
1.61221734491858
1.66721270215852
1.79883730283304
2.14604508945646
2.55277114848515
2.92268123818046
3.56284865160638
4.19607670773498
4.72269329397811
4.83784950000119
4.63522435596738
4.18135685264167
3.99689506400031
4.10910047125216
4.55312357920716
5.36244776894930
6.32990087827548
7.37071326506309
8.06920172191069
8.15394574465780
7.96927599404378
7.50871485755385
7.08513643219524
6.83437061734274
6.75794862172570
7.04425464456423
7.43674407807533
7.60122389650251
7.65325618653790
7.67690677915134
7.67003417119514
7.76997210735599
7.99951714092579
8.48380987777271
9.00138416794762
9.28393232154840
9.14045738403322
8.89289796031281
8.39469047464402
7.92250571925492
7.35289065939219
6.92337852206271
6.83808416385814
7.18890578805438
7.84688135222189
8.40866891106827
8.68699076980809
9.00274620460377
9.10346932049717
8.82308702649258
8.14507548694854
7.35640586623558
6.63735707876574
6.10315491182363
5.45255105231884
4.58493340165166
3.61978224733642
2.70852457655863
2.07652910385108
1.53009314387023
0.971223788251648
0.554375199963432
0.208809937912102
0.0153834727364117
0.0358987589637727
0
0
0
0.0482456140350875
0
0
0
0
0
0
0
0
0
0
0
0
0
0
0
0
0
0
0
0
0
0
0
0
0
0
0
0
0
0
0
0
0
0
0
0
0
0
0
0.0174148606811141
0.0165118679050558
0.0200576856923583
0
0
0
0.0803110889798125
0.433106908571297
1.14080595187405
2.06832783659408
3.23115394237684
4.34102618228004
5.34405341820201
6.15957978210299
6.85876549491099
7.51655961857199
8.15918887613932
8.80238338373011
9.24526444487743
9.70018408663918
10.0408022232325
10.2357060723934
10.3458451507213
10.2063455464384
9.90182468889898
9.20366224762508
8.02379438586868
6.37983592774613
4.51107647082878
2.74626793055585
1.29578513162104
0.384101914597264
0
0
0
0
0.0752063983488119
0.0548675610595107
0
0
0.00937500751742126
0.0420782004373321
0.0973316157526666
0.219054921686498
0.351300754628924
0.492337100464030
0.638127464211049
0.884371158597157
1.25273417672798
1.77911389436156
2.51223740140148
3.44545965730175
4.48045259693865
5.57754600061100
6.61072558942603
7.65881823714639
8.52066527383863
9.32268613739200
10.0629402503241
10.6648822338652
11.2223997499404
11.7821441231245
12.3329082014812
12.8404084557579
13.3525046061927
13.7285271893025
14.0896844724117
14.5402874177315
14.9619769634477
15.2398437748030
15.5900972850678
14.7154748244531
13.6599062186523
12.9036158801638
12.6772948585642
13.0061864777809
13.4880265543760
13.8673503579209
14.3199866338139
14.6886714843001
14.9966509905613
15.2701123801769
15.4919321266968
14.3567777681555
13.0600386455649
11.7714522577525
10.6563448247659
9.61262632276562
8.36565698663220
6.80911941515655
5.14919581622367
3.58355645042950
2.23829555377542
1.40937350403293
1.04874001987004
1.15193005309103
1.43492221572716
1.85019900120518
2.42069780924269
3.10825352837735
4.02742794700997
5.17855453799724
6.33877823243147
7.36686008573468
8.33292696058583
9.21721139437364
9.97819171822592
10.6037943612545
11.1269560870175
11.7163045964877
12.2219077761742
12.7171690806182
13.2470351328442
13.7018843812318
14.0561068720819
14.4245394962575
14.7841055551171
15.0555196348858
15.4190933507497
14.6166698540537
13.5048221558283
11.9749588045254
10.1030238681167
8.04139014580190
5.91230157011889
3.92314686517472
2.27145129552249
1.13402313201074
0.414190307456554
0.0405607636257730
0
0
0
0
0.0189198486412104
0.0256707946336428
0
0
0
0
0
0
0
0
0
0
0
0
0
0
0
0
0
0
0
0
0
0
0
0
0
0
0
0
0
0
0.0773993808049517
0.0515995872032986
0
0
0
0
0.899253850724435
2.18018654032585
3.42899000724077
4.30194099845802
4.66168610371395
4.50643677787640
4.26202799608371
4.23142456958245
4.56448132191165
5.33787962983008
6.50351889259346
7.50005915832466
8.42595023025357
9.27779923791378
8.89485609849386
7.98213313174612
6.99900926386994
6.08142174303164
5.30350576496087
4.47565185072924
3.93787782564871
3.56367605562651
3.04092256212999
2.30576712589096
1.48154352527417
0.838406571069106
0.602164837226753
0.337537075927166
0.258350052080700
0.149231478875440
0.0675908285041402
0
0
0
0.00808393532851708
0.0175438596491227
0
0.0103199174406602
0.00378396972824174
0
0
0
0.0192730472142233
0.152988746719396
0.267853938287372
0.297235753582500
0.353516349491578
0.475830404545570
0.546577407800312
0.644338659276734
1.06789182609616
1.83027139698966
2.64761198553768
3.51133224360778
4.19302900401971
4.59284359431417
4.57820957851917
4.45015762531242
4.49683582671198
4.38531486573281
4.19831621766605
4.00945330898890
3.86640379744094
3.75036227961924
4.11230493792412
4.99088665892071
6.03706606431063
6.80233707640827
6.89336139436757
6.53518863317624
5.76181931243850
4.64661325087021
4.00754123757219
3.91438407653577
4.24395761617123
4.75076491276181
5.07405088032022
4.72017020647051
3.78140592637496
2.61171394824645
1.67622527970825
0.941341132208002
0.250362159340484
0
0
0
0
0.0570175438596485
0.0220588235294116
0
0
0
0
0
0.0773993808049517
0.0515995872032986
0
0
0
0.280198384024810
0.921443101532103
1.74548994123780
2.57188552063261
3.48645828447008
4.36735625986786
5.10946123861661
5.66842388294109
6.10715775005151
6.64479223548494
7.12115191041757
7.61190807690903
7.76162087629288
8.12297951231773
8.17658894879772
8.19653175198839
8.28316413119043
8.28837386527013
8.32303929587210
8.32876430415128
8.27031392956314
8.16175142510280
7.73401095378648
7.19933314449567
6.60110641422560
6.02728243978243
5.29548924587623
4.58595351586837
3.57192456236573
2.48883912355274
1.45302323665326
0.586084770063094
0
0
0
0.0120081500886433
0.0864723082215333
0.0308307533539730
0
0.0773993808049517
0.0515995872032986
0
0
0
0.0390551141325057
0.817446012879439
1.86566185792191
3.10742895735154
4.52583383249016
5.89889385640158
6.92766652119551
7.89728086746843
8.80544396284828
9.63246782567276
10.2211970829959
10.7820654441534
11.1092820320374
10.8434868330843
10.2768308591993
9.83869466275037
9.18113555175473
8.34444660946207
7.65099547511311
7.05900368293556
6.32480673609155
5.51985731330931
4.73511532327321
4.07862935138476
3.57191623306173
3.26662072018108
3.20660492758015
3.01276067413837
2.87106008886194
3.14824717765894
3.60512465690484
3.80067747010471
3.68426074269727
3.52865094142183
3.54704517189037
3.44257982299777
3.23517221512577
3.01840385276917
2.75337454083583
2.67339921000911
2.59514621085828
2.24312336270540
1.83582611059391
1.69404307422883
2.16141469469642
2.94984327677825
3.52008408687975
3.93900261245462
4.19461427805081
3.93122839492808
3.22630622731242
2.27940833676128
1.26600705795752
0.545863192535016
0.117144353754258
0
0
0
0
0.0799793601651183
0
0
0
0
0
0
0
0
0
0
0
0
0.0773993808049517
0.0515995872032986
0
0
0
0.0813608218406928
0.796437704022840
2.04229223648728
3.32911948732381
4.36612084166263
4.96409354319570
5.12070250011426
4.87385121758186
4.31442148322953
3.82853511297783
3.48738666734022
3.24132459387877
2.89201445269556
2.44097915328565
1.93664280336107
1.31650056170180
1.04902351690277
0.947392597082996
0.976710784915116
0.980705603306220
0.943383224962170
0.842056369842746
0.610381680582918
0.339275705374776
0.145039283042378
0.0290169496825836
0
0
0.0604436241433123
0.00859993120054746
0
0
0
0.00881108056030050
0.536034553681606
1.47558353239467
2.64173384235303
3.87882606729355
4.89981471057322
5.38421798359878
5.58726638858217
5.54874555269292
5.39942969826870
4.96569282970211
4.51017191442887
3.91978176622138
3.50384615384614
3.16472202376226
3.07660017656921
3.24869011621333
3.57938936880112
4.11338510131079
4.47029784628855
4.25114522216689
3.87721542647239
3.50366396761133
3.28143046324160
3.09162357078765
2.90455735011462
2.48047744653007
1.92160655134339
1.28873186497025
0.663315880885538
0.135832244810571
0
0
0
0.0339697282421732
0.0509545923632608
0.0183178534571719
0.0292397660818701
0
0
0
0
0.149436494018532
0.609859550494218
1.21981135479587
2.00124193831623
2.91492875889160
3.80022961214910
4.45896954782402
5.04571308464496
5.75787982227610
6.67222733406943
7.69915968087639
8.46472145845209
8.49748497116916
7.83338607556872
6.90946239003513
6.03561941154818
5.42834783895153
5.33594542712188
6.25185379635842
7.31699959227420
8.22814734094871
9.07756384703761
9.84730549586377
10.4467892307009
10.6196361086454
9.13397832817337
7.16647343884185
5.00414011513082
3.06308440441566
1.63972783322628
0.725864022458442
0.0600299854943756
0
0
0
0.0740454076367376
0.0681114551083588
0
0.0773993808049517
0.0515995872032986
0
0
0
0.174787828270794
0.782353783127769
1.57495657936834
2.50833862559868
3.59749892350511
4.65798825357648
5.47288008688937
5.93417726923918
6.17107879220881
6.42408076959159
6.37137768492257
6.13064889187179
5.93010980247821
5.75499198943470
5.40026539507963
4.99978277656295
4.46967201185466
3.89931128383140
3.50710540749239
3.42524097849174
3.69253886808065
4.33435570277674
5.08513679303151
6.03055609680995
6.74363959913494
7.34067568997908
7.74239946500007
8.05592625468785
8.33766354904124
8.66084192725058
9.18006283362319
9.79026590025040
10.3537258149487
10.5568082588206
10.2159277942559
9.88083370018353
9.37336920045896
9.02923543604656
8.83184223756977
8.77599344240209
8.64411427925358
8.39083981034444
7.95222605911459
7.21334787503517
6.30049145900538
5.28567828800026
4.42484453970521
3.68498217468805
2.76265591134012
1.89882439541882
1.07308810900142
0.475816632627774
0.161602028862087
0.0674134173360150
0.0170809668487666
0.00515298255236207
0
0
0.00356897144822815
0.0175438596491227
0
0
0
0
0
0
0
0
0
0
0
0
0.0117389060887510
0
0
0
0
0.0450618954488913
0.121996759690256
0.170125522911898
0.196150237791101
0.252383504008887
0.425523994409438
0.719905533063421
1.02548147586847
1.65464901455613
2.63809107988674
3.71064064074900
4.45318047105972
4.61986674316395
4.11972096530920
3.21387571836488
2.08015707203014
0.967965617114222
0.173482442909683
0
0
0
0
0.244618668225479
1.02239133415604
1.93856070829755
2.55016520287418
2.69643716276843
2.35942841128599
1.63745745138934
1.08159530527952
0.912479161705165
1.19080077988746
1.67093578076550
2.29181545149037
2.62227183720991
2.24641449022254
1.77593510720446
1.67596379368825
1.92473442450222
2.42671210798145
2.88117402892944
3.02904383198501
2.61862580717070
1.98328728661546
1.32196368303179
0.696580735512622
0.239670019236580
0.167309376210302
0.377259697073936
0.379450053443860
0.266773173506919
0.175549573691988
0.0620114377080318
0.0344325007637698
0.00230498202634396
0
0
0.0539608195954930
0.0172571952757688
0
0
0
0.152874662317382
0.575405339414620
1.08648493749112
1.59064159095118
2.20243979446765
3.14044391281233
4.23042806007201
5.42203344471145
6.32931975145596
7.03022869803054
7.24067478788840
7.07265823272014
6.53001526337439
5.89333084356303
5.07088839093482
4.40433171919239
3.94110658862980
3.42507463296936
2.72968010661509
2.01882506897986
1.30887482830207
0.850869014026905
0.476217822425250
0.258913558062163
0.0461077793895114
0
0
0.0834583631023232
0.0853543171654586
0
0
0
0.263496118604472
0.913868321221254
1.63674263473024
2.41598288192715
3.31070823741102
4.36178346936860
5.16994047404263
5.68069952922893
5.93786525651850
6.14456388125118
6.19703158039070
5.95953130976350
5.50461100646858
5.08724948941666
4.78208787084947
4.59528608302601
4.33517607607390
3.85631314334100
3.19654115578264
2.59636485358466
1.92382222318445
1.29838318406739
0.789446414610498
0.430786623077642
0.221677542271967
0.110228871231965
0.0721539471880014
0.0647661275772721
0.0499947317903969
0.0140273802564821
0
0
0
0.00202270381836940
0.0288983488132089
0.0172428620571023
0
0
0
0.0682479714987423
0.222430935937124
0.489192382265134
0.923840121866433
1.37297282181183
1.85821079934857
2.21898531035528
2.64466085599986
3.01249906783962
3.18920146331137
3.04750235144972
2.71026194307927
2.16058398945395
1.63136689591797
1.21294512161384
0.996126963851414
1.12998687758749
1.75877415498158
2.48269958455716
3.31225694669966
4.02057428295818
4.60491879981043
4.86837366280090
4.86459378255043
4.38172773219212
3.64359918547224
3.04301042095159
2.50592631482724
2.54838164931043
3.05867823267203
3.73132143054742
4.31336976576913
4.35058467504287
4.21206666570443
4.24797685115022
4.25437892860493
4.57026985742155
5.27352243559673
5.86674689259827
6.21598841475001
6.28133911152486
6.02162684236987
5.64760729466611
5.48778485016874
5.39193897777488
5.13293448897163
4.43768646214466
3.51249028749028
2.52600583111419
1.37262936581822
0.578065845403303
0.190747075421994
0.0279565120122360
0.0588982826598898
0.0227124183006520
0.0464161139857725
0
0
0.00429996560027501
0.0118679050567595
0
0
0
0
0
0
0
0
0
0
0
0
0
0.0773993808049517
0.0515995872032986
0
0
0
0.0730162424434787
0.728367263970970
1.77874914902778
3.07991615367775
4.46312950894993
5.81281973100857
6.85513140033340
7.72602279041906
8.25555531499802
8.80115605928297
9.32771823979252
9.85501586476816
10.4266951486765
10.9787004962701
11.5017706837366
11.9327335633063
12.3084030950130
12.5588586508091
12.6894866141770
12.7593985821540
12.7221455445139
12.5738007005035
12.2958517660530
11.9595560270483
11.5988749124972
11.2854588995456
11.0336582062588
10.9300619916719
10.9536396352186
11.1126571742671
11.3191121142359
11.5256458367913
11.6662951255830
11.8021799322109
11.7714219475055
11.4971985874462
10.9308956437439
10.0996804794792
9.00740634494503
7.82279787635823
6.59477046001813
5.44555840616211
4.36942080966848
3.51129988862186
2.76388552108366
2.09009293939634
1.42902061818470
0.922543967900001
0.513885521083660
0.220730224367993
0.0404361548324376
0
0
0
0
0.0344427244582042
0
0
0
0
0
0
0
0
0
0
0.0260577915376671
0
0.0129964806435373
0
0
0
0.0322527489710142
0.678553214930923
1.54744275332510
2.36045787717614
2.86143532250343
2.91703652384767
2.55273832634514
1.75017560698675
0.865826940517342
0.0887178524949406
0
0
0.174115409873921
0.411822138989319
0.542617831085321
0.607982179499204
0.643754886324542
0.588351423258540
0.692345339558956
0.911956129525782
1.37114548678015
1.87674452310674
2.48273939682607
3.05276033735785
3.89817049995067
4.87841928453383
5.76592749355906
6.61890547532961
7.07071579091702
7.09942266196135
6.80568347201473
6.11329537335729
5.35996587691633
4.43167998152517
3.70273201171033
3.29819311235719
3.09153411947529
2.83766156444174
2.75493443604898
2.61232785102754
2.49596242251040
2.58247514439464
2.54376474918270
2.42813662945241
2.24623232804347
2.03643814905424
1.86577012885062
1.54954219900040
1.21764363087892
0.934332629301667
0.658176289368238
0.416002607643473
0.273138585986882
0.165382310041752
0.0533857868997179
0.0217558012449646
0
0
0
0.00493062722164876
0.00739594083247330
0
0
0
0
0
0
0
0.0295407636738899
0.0294977640178862
0
0
0
0.0186780883375269
0.306698444314538
0.725133810118325
1.32511793332226
2.01621014864048
2.75452085753943
3.48517480111906
3.99136584949277
4.29859845177182
4.53266572608677
4.70868947873590
4.92406314875354
5.29146267389300
5.89482933647019
6.59509557350113
7.27862520176761
7.81276392166484
8.04673653659721
7.70800821985032
6.83510630236636
5.59493199439019
4.09743806245354
2.63600189799880
1.43195054859141
0.543995684398156
0.00838036232772588
0
0
0
0.0211597999523686
0.0381406948744402
0.0132438940488471
0.00903125082691519
0
0
0
0.0443647597672342
0.314714782981035
0.799181021936436
1.24233938576043
1.64298107293463
1.90971714044469
2.07634297247300
2.29531676613719
2.70618768056848
3.33383435449998
4.06114334581825
4.73764183872542
5.47577585812879
6.39437552471607
7.24647745615236
7.56844673214641
7.73070277675540
7.88062074664241
7.90368522086787
7.63730499806350
7.19308715879922
6.50083996670683
5.64724272975046
4.89185869170388
3.99666575254810
2.91539742507234
1.78831335503162
1.04172674590631
0.744415276845612
0.431123932826715
0.177991212433934
0.142014091859291
0.0966981676733985
0
0
0
0
0.0212848297213621
0
0.0159958720330234
0.00124699002407925
0.0216566113624920
0.00148514196501504
0
0
0.00877138857014749
0.404441233001602
1.06542508918669
1.72279468897115
2.30232005696401
2.53214768547585
2.78659192544641
2.89745123297754
2.99218807508280
3.18430326123823
3.67034058133128
4.55645578192017
5.65003915073573
6.70438134079542
7.49039105029816
7.85923265760726
7.88259638538275
7.43577433058857
6.68118347081195
5.40191868674840
4.15671221623233
2.96708415423585
2.00096397410638
1.30292313465688
0.739755737898148
0.370602307908805
0.212116701667782
0.180981161940912
0.145095814058661
0.125563926957115
0.0766280331295806
0
0
0
0
0.0112229102167182
0
0.0203818369453040
0.00288097695218365
0
0
0
0.0668393268238456
0.220044515168352
0.348917370898792
0.458189058963049
0.610084652189910
0.803025251322460
1.13260498531396
1.47416027385067
2.07016918410106
2.69974001746447
3.38595661304639
4.17347552688109
5.13046143742737
5.69523076682518
5.77078597357234
5.37838001351932
4.80279106858053
4.42724374009203
4.57218012465689
5.02440913060107
5.62774506195557
6.03751115585480
6.59825944609225
6.69891779187444
6.23309091149648
5.40523940284002
4.84678284391906
4.44428856317400
4.05413692774373
3.35998644458396
2.58876668567070
1.83363114353825
1.56420618425261
1.98687235537080
2.84191203533308
3.76309931898166
4.80884253345553
5.74244078075347
6.49397559784556
6.65871124919112
6.39461415777205
5.75457979413087
4.96861518254706
4.05612988662523
3.21115525341531
2.46133164221398
2.04491569661847
2.05793208339647
2.36030073297874
2.78953117745686
3.26578724852717
3.88357359015252
4.57613446924591
5.20172581975986
5.95108341091312
6.69830707648044
7.54183860515128
8.30170807864305
8.69582927392523
8.54502665377276
8.30146475471551
7.96990866031112
7.81321544812255
7.77819833245528
7.93010944164193
8.39529337191874
8.85200318257592
9.04579860284193
9.00079690691144
8.66236844510837
8.12496187163369
7.51973503792388
6.80235680212459
5.78889255739100
4.73990710871515
3.65648086004122
2.88158893050533
2.30030117801015
1.83804874176391
1.45672713079833
1.15335048508423
0.808561021022318
0.457258402072642
0.127204890053186
0
0
0
0.0170708634330919
0.0374097007223940
0
0
0
0
0
0
0
0
0
0
0
0
0
0
0
0
0
0
0
0
0
0
0
0
0
0
0
0.0773993808049517
0.0515995872032986
0
0
0
0
0.683320824342489
1.94701137355935
3.48447676334672
4.83096714946559
5.91040134615985
6.93931561085972
7.65322413224888
7.68994571819648
7.69446344848820
7.81080583159529
8.11148028270317
8.47298800099108
8.81985997447683
8.77134007976886
8.38337918960983
7.69374103321857
6.74734360153090
5.43889844804318
3.98196899333895
3.02832668492497
2.40013290201370
1.86766976444607
1.49670446426638
1.28678987120550
1.10113258688336
0.822640284122479
0.653801945388630
0.600980542505308
0.627908265195415
0.662082001246086
0.617094693662030
0.551180235313360
0.478148347610422
0.414546519012465
0.375084246249109
0.368057275541796
0.390771843825246
0
0
0
0
0
0
0
0
0