New York Bus (NYBus) cycle		
Source: West Virginia University		
		
DieselNet.com, 2003.07		
https://dieselnet.com/standards/cycles/nybus.php		
		
Time	Speed	
s	mph	
		
0.1	0	0
0.2	0	0
0.3	0	0
0.4	0	0
0.5	0	0
0.6	0	0
0.7	0	0
0.8	0	0
0.9	0	0
1	0	0
1.1	0	0
1.2	0	0
1.3	0	0
1.4	0	0
1.5	0	0
1.6	0	0
1.7	0	0
1.8	0	0
1.9	0	0
2	0	0
2.1	0	0
2.2	0	0
2.3	0	0
2.4	0	0
2.5	0	0
2.6	0	0
2.7	0	0
2.8	0	0
2.9	0	0
3	0	0
3.1	0	0
3.2	0	0
3.3	0	0
3.4	0	0
3.5	0	0
3.6	0	0
3.7	0	0
3.8	0	0
3.9	0	0
4	0	0
4.1	0	0
4.2	0	0
4.3	0	0
4.4	0	0
4.5	0	0
4.6	0	0
4.7	0	0
4.8	0	0
4.9	0	0
5	0	0
5.1	0	0
5.2	0	0
5.3	0	0
5.4	0	0
5.5	0	0
5.6	0	0
5.7	0	0
5.8	0	0
5.9	0	0
6	0	0
6.1	0	0
6.2	0	0
6.3	0	0
6.4	0	0
6.5	0	0
6.6	0	0
6.7	0	0
6.8	0	0
6.9	0	0
7	0	0
7.1	0	0
7.2	0	0
7.3	0	0
7.4	0	0
7.5	0	0
7.6	0	0
7.7	0	0
7.8	0	0
7.9	0	0
8	0	0
8.1	0	0
8.2	0	0
8.3	0	0
8.4	0	0
8.5	0	0
8.6	0	0
8.7	0	0
8.8	0	0
8.9	0	0
9	0	0
9.1	0	0
9.2	0	0
9.3	0	0
9.4	0	0
9.5	0	0
9.6	0	0
9.7	0	0
9.8	0	0
9.9	0	0
10	0	0
10.1	0	0
10.2	0	0
10.3	0	0
10.4	0	0
10.5	0	0
10.6	0	0
10.7	0	0
10.8	0	0
10.9	0	0
11	0	0
11.1	0	0
11.2	0	0
11.3	0	0
11.4	0	0
11.5	0	0
11.6	0	0
11.7	0	0
11.8	0	0
11.9	0	0
12	0	0
12.1	0	0
12.2	0	0
12.3	0	0
12.4	0	0
12.5	0	0
12.6	0	0
12.7	0	0
12.8	0	0
12.9	0	0
13	0	0
13.1	0	0
13.2	0	0
13.3	0	0
13.4	0	0
13.5	0	0
13.6	0	0
13.7	0	0
13.8	0	0
13.9	0	0
14	0	0
14.1	0	0
14.2	0	0
14.3	0	0
14.4	0	0
14.5	0	0
14.6	0	0
14.7	0	0
14.8	0	0
14.9	0	0
15	0	0
15.1	0.5	0,5
15.2	1	1
15.3	1.4	1,4
15.4	1.9	1,9
15.5	2.4	2,4
15.6	2.9	2,9
15.7	3.4	3,4
15.8	3.8	3,8
15.9	4.3	4,3
16	4.8	4,8
16.1	5.3	5,3
16.2	5.8	5,8
16.3	6.2	6,2
16.4	6.7	6,7
16.5	7.2	7,2
16.6	7.7	7,7
16.7	8.2	8,2
16.8	8.6	8,6
16.9	9.1	9,1
17	9.6	9,6
17.1	9.7	9,7
17.2	9.8	9,8
17.3	10	10
17.4	10.1	10,1
17.5	10.2	10,2
17.6	10.3	10,3
17.7	10.4	10,4
17.8	10.6	10,6
17.9	10.7	10,7
18	10.8	10,8
18.1	10.8	10,8
18.2	10.8	10,8
18.3	10.7	10,7
18.4	10.7	10,7
18.5	10.7	10,7
18.6	10.7	10,7
18.7	10.7	10,7
18.8	10.6	10,6
18.9	10.6	10,6
19	10.6	10,6
19.1	10.6	10,6
19.2	10.5	10,5
19.3	10.5	10,5
19.4	10.4	10,4
19.5	10.4	10,4
19.6	10.4	10,4
19.7	10.3	10,3
19.8	10.3	10,3
19.9	10.2	10,2
20	10.2	10,2
20.1	10.1	10,1
20.2	10.1	10,1
20.3	10	10
20.4	10	10
20.5	9.9	9,9
20.6	9.8	9,8
20.7	9.8	9,8
20.8	9.7	9,7
20.9	9.7	9,7
21	9.6	9,6
21.1	9.5	9,5
21.2	9.5	9,5
21.3	9.4	9,4
21.4	9.4	9,4
21.5	9.3	9,3
21.6	9.2	9,2
21.7	9.2	9,2
21.8	9.1	9,1
21.9	9.1	9,1
22	9	9
22.1	9	9
22.2	9	9
22.3	9.1	9,1
22.4	9.1	9,1
22.5	9.1	9,1
22.6	9.1	9,1
22.7	9.1	9,1
22.8	9.2	9,2
22.9	9.2	9,2
23	9.2	9,2
23.1	9.4	9,4
23.2	9.5	9,5
23.3	9.7	9,7
23.4	9.8	9,8
23.5	10	10
23.6	10.2	10,2
23.7	10.3	10,3
23.8	10.5	10,5
23.9	10.6	10,6
24	10.8	10,8
24.1	11	11
24.2	11.2	11,2
24.3	11.3	11,3
24.4	11.5	11,5
24.5	11.7	11,7
24.6	11.9	11,9
24.7	12.1	12,1
24.8	12.2	12,2
24.9	12.4	12,4
25	12.6	12,6
25.1	12.5	12,5
25.2	12.4	12,4
25.3	12.2	12,2
25.4	12.1	12,1
25.5	12	12
25.6	11.9	11,9
25.7	11.8	11,8
25.8	11.6	11,6
25.9	11.5	11,5
26	11.4	11,4
26.1	11	11
26.2	10.7	10,7
26.3	10.3	10,3
26.4	10	10
26.5	9.6	9,6
26.6	9.2	9,2
26.7	8.9	8,9
26.8	8.5	8,5
26.9	8.2	8,2
27	7.8	7,8
27.1	7.4	7,4
27.2	7.1	7,1
27.3	6.7	6,7
27.4	6.4	6,4
27.5	6	6
27.6	5.6	5,6
27.7	5.3	5,3
27.8	4.9	4,9
27.9	4.6	4,6
28	4.2	4,2
28.1	4.1	4,1
28.2	4	4
28.3	3.8	3,8
28.4	3.7	3,7
28.5	3.6	3,6
28.6	3.5	3,5
28.7	3.4	3,4
28.8	3.2	3,2
28.9	3.1	3,1
29	3	3
29.1	2.9	2,9
29.2	2.8	2,8
29.3	2.6	2,6
29.4	2.5	2,5
29.5	2.4	2,4
29.6	2.3	2,3
29.7	2.2	2,2
29.8	2	2
29.9	1.9	1,9
30	1.8	1,8
30.1	1.6	1,6
30.2	1.4	1,4
30.3	1.3	1,3
30.4	1.1	1,1
30.5	0.9	0,9
30.6	0.7	0,7
30.7	0.5	0,5
30.8	0.4	0,4
30.9	0.2	0,2
31	0	0
31.1	0	0
31.2	0	0
31.3	0	0
31.4	0	0
31.5	0	0
31.6	0	0
31.7	0	0
31.8	0	0
31.9	0	0
32	0	0
32.1	0	0
32.2	0	0
32.3	0	0
32.4	0	0
32.5	0	0
32.6	0	0
32.7	0	0
32.8	0	0
32.9	0	0
33	0	0
33.1	0	0
33.2	0	0
33.3	0	0
33.4	0	0
33.5	0	0
33.6	0	0
33.7	0	0
33.8	0	0
33.9	0	0
34	0	0
34.1	0	0
34.2	0	0
34.3	0	0
34.4	0	0
34.5	0	0
34.6	0	0
34.7	0	0
34.8	0	0
34.9	0	0
35	0	0
35.1	0	0
35.2	0	0
35.3	0	0
35.4	0	0
35.5	0	0
35.6	0	0
35.7	0	0
35.8	0	0
35.9	0	0
36	0	0
36.1	0	0
36.2	0	0
36.3	0	0
36.4	0	0
36.5	0	0
36.6	0	0
36.7	0	0
36.8	0	0
36.9	0	0
37	0	0
37.1	0	0
37.2	0	0
37.3	0	0
37.4	0	0
37.5	0	0
37.6	0	0
37.7	0	0
37.8	0	0
37.9	0	0
38	0	0
38.1	0	0
38.2	0	0
38.3	0	0
38.4	0	0
38.5	0	0
38.6	0	0
38.7	0	0
38.8	0	0
38.9	0	0
39	0	0
39.1	0	0
39.2	0	0
39.3	0	0
39.4	0	0
39.5	0	0
39.6	0	0
39.7	0	0
39.8	0	0
39.9	0	0
40	0	0
40.1	0	0
40.2	0	0
40.3	0	0
40.4	0	0
40.5	0	0
40.6	0	0
40.7	0	0
40.8	0	0
40.9	0	0
41	0	0
41.1	0	0
41.2	0	0
41.3	0	0
41.4	0	0
41.5	0	0
41.6	0	0
41.7	0	0
41.8	0	0
41.9	0	0
42	0	0
42.1	0	0
42.2	0	0
42.3	0	0
42.4	0	0
42.5	0	0
42.6	0	0
42.7	0	0
42.8	0	0
42.9	0	0
43	0	0
43.1	0	0
43.2	0	0
43.3	0	0
43.4	0	0
43.5	0	0
43.6	0	0
43.7	0	0
43.8	0	0
43.9	0	0
44	0	0
44.1	0	0
44.2	0	0
44.3	0	0
44.4	0	0
44.5	0	0
44.6	0	0
44.7	0	0
44.8	0	0
44.9	0	0
45	0	0
45.1	0	0
45.2	0	0
45.3	0	0
45.4	0	0
45.5	0	0
45.6	0	0
45.7	0	0
45.8	0	0
45.9	0	0
46	0	0
46.1	0	0
46.2	0	0
46.3	0	0
46.4	0	0
46.5	0	0
46.6	0	0
46.7	0	0
46.8	0	0
46.9	0	0
47	0	0
47.1	0	0
47.2	0	0
47.3	0	0
47.4	0	0
47.5	0	0
47.6	0	0
47.7	0	0
47.8	0	0
47.9	0	0
48	0	0
48.1	0	0
48.2	0	0
48.3	0	0
48.4	0	0
48.5	0	0
48.6	0	0
48.7	0	0
48.8	0	0
48.9	0	0
49	0	0
49.1	0	0
49.2	0	0
49.3	0	0
49.4	0	0
49.5	0	0
49.6	0	0
49.7	0	0
49.8	0	0
49.9	0	0
50	0	0
50.1	0	0
50.2	0	0
50.3	0	0
50.4	0	0
50.5	0	0
50.6	0	0
50.7	0	0
50.8	0	0
50.9	0	0
51	0	0
51.1	0	0
51.2	0	0
51.3	0	0
51.4	0	0
51.5	0	0
51.6	0	0
51.7	0	0
51.8	0	0
51.9	0	0
52	0	0
52.1	0	0
52.2	0	0
52.3	0	0
52.4	0	0
52.5	0	0
52.6	0	0
52.7	0	0
52.8	0	0
52.9	0	0
53	0	0
53.1	0	0
53.2	0	0
53.3	0	0
53.4	0	0
53.5	0	0
53.6	0	0
53.7	0	0
53.8	0	0
53.9	0	0
54	0	0
54.1	0	0
54.2	0	0
54.3	0	0
54.4	0	0
54.5	0	0
54.6	0	0
54.7	0	0
54.8	0	0
54.9	0	0
55	0	0
55.1	0	0
55.2	0	0
55.3	0	0
55.4	0	0
55.5	0	0
55.6	0	0
55.7	0	0
55.8	0	0
55.9	0	0
56	0	0
56.1	0	0
56.2	0	0
56.3	0	0
56.4	0	0
56.5	0	0
56.6	0	0
56.7	0	0
56.8	0	0
56.9	0	0
57	0	0
57.1	0	0
57.2	0	0
57.3	0	0
57.4	0	0
57.5	0	0
57.6	0	0
57.7	0	0
57.8	0	0
57.9	0	0
58	0	0
58.1	0	0
58.2	0	0
58.3	0	0
58.4	0	0
58.5	0	0
58.6	0	0
58.7	0	0
58.8	0	0
58.9	0	0
59	0	0
59.1	0	0
59.2	0	0
59.3	0	0
59.4	0	0
59.5	0	0
59.6	0	0
59.7	0	0
59.8	0	0
59.9	0	0
60	0	0
60.1	0.5	0,5
60.2	1	1
60.3	1.4	1,4
60.4	1.9	1,9
60.5	2.4	2,4
60.6	2.9	2,9
60.7	3.4	3,4
60.8	3.8	3,8
60.9	4.3	4,3
61	4.8	4,8
61.1	5.3	5,3
61.2	5.8	5,8
61.3	6.2	6,2
61.4	6.7	6,7
61.5	7.2	7,2
61.6	7.7	7,7
61.7	8.2	8,2
61.8	8.6	8,6
61.9	9.1	9,1
62	9.6	9,6
62.1	10.1	10,1
62.2	10.7	10,7
62.3	11.2	11,2
62.4	11.8	11,8
62.5	12.3	12,3
62.6	12.8	12,8
62.7	13.4	13,4
62.8	13.9	13,9
62.9	14.5	14,5
63	15	15
63.1	15.1	15,1
63.2	15.2	15,2
63.3	15.2	15,2
63.4	15.3	15,3
63.5	15.4	15,4
63.6	15.5	15,5
63.7	15.6	15,6
63.8	15.6	15,6
63.9	15.7	15,7
64	15.8	15,8
64.1	15.8	15,8
64.2	15.7	15,7
64.3	15.7	15,7
64.4	15.6	15,6
64.5	15.6	15,6
64.6	15.6	15,6
64.7	15.5	15,5
64.8	15.5	15,5
64.9	15.4	15,4
65	15.4	15,4
65.1	15.3	15,3
65.2	15.2	15,2
65.3	15	15
65.4	14.9	14,9
65.5	14.8	14,8
65.6	14.7	14,7
65.7	14.6	14,6
65.8	14.4	14,4
65.9	14.3	14,3
66	14.2	14,2
66.1	14.1	14,1
66.2	14	14
66.3	14	14
66.4	13.9	13,9
66.5	13.8	13,8
66.6	13.7	13,7
66.7	13.6	13,6
66.8	13.6	13,6
66.9	13.5	13,5
67	13.4	13,4
67.1	13.5	13,5
67.2	13.6	13,6
67.3	13.6	13,6
67.4	13.7	13,7
67.5	13.8	13,8
67.6	13.9	13,9
67.7	14	14
67.8	14	14
67.9	14.1	14,1
68	14.2	14,2
68.1	14.4	14,4
68.2	14.6	14,6
68.3	14.8	14,8
68.4	15	15
68.5	15.2	15,2
68.6	15.4	15,4
68.7	15.6	15,6
68.8	15.8	15,8
68.9	16	16
69	16.2	16,2
69.1	16.2	16,2
69.2	16.1	16,1
69.3	16.1	16,1
69.4	16	16
69.5	16	16
69.6	16	16
69.7	15.9	15,9
69.8	15.9	15,9
69.9	15.8	15,8
70	15.8	15,8
70.1	15.8	15,8
70.2	15.7	15,7
70.3	15.7	15,7
70.4	15.6	15,6
70.5	15.6	15,6
70.6	15.6	15,6
70.7	15.5	15,5
70.8	15.5	15,5
70.9	15.4	15,4
71	15.4	15,4
71.1	15.3	15,3
71.2	15.2	15,2
71.3	15.1	15,1
71.4	15	15
71.5	14.9	14,9
71.6	14.8	14,8
71.7	14.7	14,7
71.8	14.6	14,6
71.9	14.5	14,5
72	14.4	14,4
72.1	14.3	14,3
72.2	14.2	14,2
72.3	14.2	14,2
72.4	14.1	14,1
72.5	14	14
72.6	13.9	13,9
72.7	13.8	13,8
72.8	13.8	13,8
72.9	13.7	13,7
73	13.6	13,6
73.1	13.6	13,6
73.2	13.6	13,6
73.3	13.7	13,7
73.4	13.7	13,7
73.5	13.7	13,7
73.6	13.7	13,7
73.7	13.7	13,7
73.8	13.8	13,8
73.9	13.8	13,8
74	13.8	13,8
74.1	14.2	14,2
74.2	14.5	14,5
74.3	14.9	14,9
74.4	15.2	15,2
74.5	15.6	15,6
74.6	16	16
74.7	16.3	16,3
74.8	16.7	16,7
74.9	17	17
75	17.4	17,4
75.1	17.8	17,8
75.2	18.2	18,2
75.3	18.5	18,5
75.4	18.9	18,9
75.5	19.3	19,3
75.6	19.7	19,7
75.7	20.1	20,1
75.8	20.4	20,4
75.9	20.8	20,8
76	21.2	21,2
76.1	21.5	21,5
76.2	21.8	21,8
76.3	22	22
76.4	22.3	22,3
76.5	22.6	22,6
76.6	22.9	22,9
76.7	23.2	23,2
76.8	23.4	23,4
76.9	23.7	23,7
77	24	24
77.1	24.4	24,4
77.2	24.7	24,7
77.3	25.1	25,1
77.4	25.4	25,4
77.5	25.8	25,8
77.6	26.2	26,2
77.7	26.5	26,5
77.8	26.9	26,9
77.9	27.2	27,2
78	27.6	27,6
78.1	27.8	27,8
78.2	28.1	28,1
78.3	28.3	28,3
78.4	28.6	28,6
78.5	28.8	28,8
78.6	29	29
78.7	29.3	29,3
78.8	29.5	29,5
78.9	29.8	29,8
79	30	30
79.1	30.1	30,1
79.2	30.2	30,2
79.3	30.2	30,2
79.4	30.3	30,3
79.5	30.4	30,4
79.6	30.5	30,5
79.7	30.6	30,6
79.8	30.6	30,6
79.9	30.7	30,7
80	30.8	30,8
80.1	30.8	30,8
80.2	30.8	30,8
80.3	30.7	30,7
80.4	30.7	30,7
80.5	30.7	30,7
80.6	30.7	30,7
80.7	30.7	30,7
80.8	30.6	30,6
80.9	30.6	30,6
81	30.6	30,6
81.1	30.4	30,4
81.2	30.1	30,1
81.3	29.9	29,9
81.4	29.6	29,6
81.5	29.4	29,4
81.6	29.2	29,2
81.7	28.9	28,9
81.8	28.7	28,7
81.9	28.4	28,4
82	28.2	28,2
82.1	28.1	28,1
82.2	27.9	27,9
82.3	27.8	27,8
82.4	27.6	27,6
82.5	27.5	27,5
82.6	27.4	27,4
82.7	27.2	27,2
82.8	27.1	27,1
82.9	26.9	26,9
83	26.8	26,8
83.1	26.9	26,9
83.2	27.1	27,1
83.3	27.2	27,2
83.4	27.4	27,4
83.5	27.5	27,5
83.6	27.6	27,6
83.7	27.8	27,8
83.8	27.9	27,9
83.9	28.1	28,1
84	28.2	28,2
84.1	28.3	28,3
84.2	28.5	28,5
84.3	28.6	28,6
84.4	28.8	28,8
84.5	28.9	28,9
84.6	29	29
84.7	29.2	29,2
84.8	29.3	29,3
84.9	29.5	29,5
85	29.6	29,6
85.1	29.6	29,6
85.2	29.7	29,7
85.3	29.7	29,7
85.4	29.8	29,8
85.5	29.8	29,8
85.6	29.8	29,8
85.7	29.9	29,9
85.8	29.9	29,9
85.9	30	30
86	30	30
86.1	29.8	29,8
86.2	29.6	29,6
86.3	29.3	29,3
86.4	29.1	29,1
86.5	28.9	28,9
86.6	28.7	28,7
86.7	28.5	28,5
86.8	28.2	28,2
86.9	28	28
87	27.8	27,8
87.1	27.6	27,6
87.2	27.4	27,4
87.3	27.3	27,3
87.4	27.1	27,1
87.5	26.9	26,9
87.6	26.7	26,7
87.7	26.5	26,5
87.8	26.4	26,4
87.9	26.2	26,2
88	26	26
88.1	25.8	25,8
88.2	25.7	25,7
88.3	25.5	25,5
88.4	25.4	25,4
88.5	25.2	25,2
88.6	25	25
88.7	24.9	24,9
88.8	24.7	24,7
88.9	24.6	24,6
89	24.4	24,4
89.1	23.9	23,9
89.2	23.5	23,5
89.3	23	23
89.4	22.6	22,6
89.5	22.1	22,1
89.6	21.6	21,6
89.7	21.2	21,2
89.8	20.7	20,7
89.9	20.3	20,3
90	19.8	19,8
90.1	19.4	19,4
90.2	19	19
90.3	18.7	18,7
90.4	18.3	18,3
90.5	17.9	17,9
90.6	17.5	17,5
90.7	17.1	17,1
90.8	16.8	16,8
90.9	16.4	16,4
91	16	16
91.1	15.7	15,7
91.2	15.5	15,5
91.3	15.2	15,2
91.4	15	15
91.5	14.7	14,7
91.6	14.4	14,4
91.7	14.2	14,2
91.8	13.9	13,9
91.9	13.7	13,7
92	13.4	13,4
92.1	13.3	13,3
92.2	13.1	13,1
92.3	13	13
92.4	12.8	12,8
92.5	12.7	12,7
92.6	12.6	12,6
92.7	12.4	12,4
92.8	12.3	12,3
92.9	12.1	12,1
93	12	12
93.1	11.6	11,6
93.2	11.2	11,2
93.3	10.7	10,7
93.4	10.3	10,3
93.5	9.9	9,9
93.6	9.5	9,5
93.7	9.1	9,1
93.8	8.6	8,6
93.9	8.2	8,2
94	7.8	7,8
94.1	7.5	7,5
94.2	7.2	7,2
94.3	7	7
94.4	6.7	6,7
94.5	6.4	6,4
94.6	6.1	6,1
94.7	5.8	5,8
94.8	5.6	5,6
94.9	5.3	5,3
95	5	5
95.1	4.8	4,8
95.2	4.6	4,6
95.3	4.4	4,4
95.4	4.2	4,2
95.5	4	4
95.6	3.8	3,8
95.7	3.6	3,6
95.8	3.4	3,4
95.9	3.2	3,2
96	3	3
96.1	2.9	2,9
96.2	2.7	2,7
96.3	2.6	2,6
96.4	2.4	2,4
96.5	2.3	2,3
96.6	2.2	2,2
96.7	2	2
96.8	1.9	1,9
96.9	1.7	1,7
97	1.6	1,6
97.1	1.4	1,4
97.2	1.3	1,3
97.3	1.1	1,1
97.4	1	1
97.5	0.8	0,8
97.6	0.6	0,6
97.7	0.5	0,5
97.8	0.3	0,3
97.9	0.2	0,2
98	0	0
98.1	0	0
98.2	0	0
98.3	0	0
98.4	0	0
98.5	0	0
98.6	0	0
98.7	0	0
98.8	0	0
98.9	0	0
99	0	0
99.1	0	0
99.2	0	0
99.3	0	0
99.4	0	0
99.5	0	0
99.6	0	0
99.7	0	0
99.8	0	0
99.9	0	0
100	0	0
100.1	0	0
100.2	0	0
100.3	0	0
100.4	0	0
100.5	0	0
100.6	0	0
100.7	0	0
100.8	0	0
100.9	0	0
101	0	0
101.1	0	0
101.2	0	0
101.3	0	0
101.4	0	0
101.5	0	0
101.6	0	0
101.7	0	0
101.8	0	0
101.9	0	0
102	0	0
102.1	0	0
102.2	0	0
102.3	0	0
102.4	0	0
102.5	0	0
102.6	0	0
102.7	0	0
102.8	0	0
102.9	0	0
103	0	0
103.1	0	0
103.2	0	0
103.3	0	0
103.4	0	0
103.5	0	0
103.6	0	0
103.7	0	0
103.8	0	0
103.9	0	0
104	0	0
104.1	0	0
104.2	0	0
104.3	0	0
104.4	0	0
104.5	0	0
104.6	0	0
104.7	0	0
104.8	0	0
104.9	0	0
105	0	0
105.1	0	0
105.2	0	0
105.3	0	0
105.4	0	0
105.5	0	0
105.6	0	0
105.7	0	0
105.8	0	0
105.9	0	0
106	0	0
106.1	0	0
106.2	0	0
106.3	0	0
106.4	0	0
106.5	0	0
106.6	0	0
106.7	0	0
106.8	0	0
106.9	0	0
107	0	0
107.1	0	0
107.2	0	0
107.3	0	0
107.4	0	0
107.5	0	0
107.6	0	0
107.7	0	0
107.8	0	0
107.9	0	0
108	0	0
108.1	0	0
108.2	0	0
108.3	0	0
108.4	0	0
108.5	0	0
108.6	0	0
108.7	0	0
108.8	0	0
108.9	0	0
109	0	0
109.1	0	0
109.2	0	0
109.3	0	0
109.4	0	0
109.5	0	0
109.6	0	0
109.7	0	0
109.8	0	0
109.9	0	0
110	0	0
110.1	0	0
110.2	0	0
110.3	0	0
110.4	0	0
110.5	0	0
110.6	0	0
110.7	0	0
110.8	0	0
110.9	0	0
111	0	0
111.1	0	0
111.2	0	0
111.3	0	0
111.4	0	0
111.5	0	0
111.6	0	0
111.7	0	0
111.8	0	0
111.9	0	0
112	0	0
112.1	0	0
112.2	0	0
112.3	0	0
112.4	0	0
112.5	0	0
112.6	0	0
112.7	0	0
112.8	0	0
112.9	0	0
113	0	0
113.1	0	0
113.2	0	0
113.3	0	0
113.4	0	0
113.5	0	0
113.6	0	0
113.7	0	0
113.8	0	0
113.9	0	0
114	0	0
114.1	0	0
114.2	0	0
114.3	0	0
114.4	0	0
114.5	0	0
114.6	0	0
114.7	0	0
114.8	0	0
114.9	0	0
115	0	0
115.1	0	0
115.2	0	0
115.3	0	0
115.4	0	0
115.5	0	0
115.6	0	0
115.7	0	0
115.8	0	0
115.9	0	0
116	0	0
116.1	0	0
116.2	0	0
116.3	0	0
116.4	0	0
116.5	0	0
116.6	0	0
116.7	0	0
116.8	0	0
116.9	0	0
117	0	0
117.1	0	0
117.2	0	0
117.3	0	0
117.4	0	0
117.5	0	0
117.6	0	0
117.7	0	0
117.8	0	0
117.9	0	0
118	0	0
118.1	0	0
118.2	0	0
118.3	0	0
118.4	0	0
118.5	0	0
118.6	0	0
118.7	0	0
118.8	0	0
118.9	0	0
119	0	0
119.1	0	0
119.2	0	0
119.3	0	0
119.4	0	0
119.5	0	0
119.6	0	0
119.7	0	0
119.8	0	0
119.9	0	0
120	0	0
120.1	0	0
120.2	0	0
120.3	0	0
120.4	0	0
120.5	0	0
120.6	0	0
120.7	0	0
120.8	0	0
120.9	0	0
121	0	0
121.1	0	0
121.2	0	0
121.3	0	0
121.4	0	0
121.5	0	0
121.6	0	0
121.7	0	0
121.8	0	0
121.9	0	0
122	0	0
122.1	0	0
122.2	0	0
122.3	0	0
122.4	0	0
122.5	0	0
122.6	0	0
122.7	0	0
122.8	0	0
122.9	0	0
123	0	0
123.1	0	0
123.2	0	0
123.3	0	0
123.4	0	0
123.5	0	0
123.6	0	0
123.7	0	0
123.8	0	0
123.9	0	0
124	0	0
124.1	0	0
124.2	0	0
124.3	0	0
124.4	0	0
124.5	0	0
124.6	0	0
124.7	0	0
124.8	0	0
124.9	0	0
125	0	0
125.1	0	0
125.2	0	0
125.3	0	0
125.4	0	0
125.5	0	0
125.6	0	0
125.7	0	0
125.8	0	0
125.9	0	0
126	0	0
126.1	0	0
126.2	0	0
126.3	0	0
126.4	0	0
126.5	0	0
126.6	0	0
126.7	0	0
126.8	0	0
126.9	0	0
127	0	0
127.1	0	0
127.2	0	0
127.3	0	0
127.4	0	0
127.5	0	0
127.6	0	0
127.7	0	0
127.8	0	0
127.9	0	0
128	0	0
128.1	0	0
128.2	0	0
128.3	0	0
128.4	0	0
128.5	0	0
128.6	0	0
128.7	0	0
128.8	0	0
128.9	0	0
129	0	0
129.1	0	0
129.2	0	0
129.3	0	0
129.4	0	0
129.5	0	0
129.6	0	0
129.7	0	0
129.8	0	0
129.9	0	0
130	0	0
130.1	0	0
130.2	0	0
130.3	0	0
130.4	0	0
130.5	0	0
130.6	0	0
130.7	0	0
130.8	0	0
130.9	0	0
131	0	0
131.1	0	0
131.2	0	0
131.3	0	0
131.4	0	0
131.5	0	0
131.6	0	0
131.7	0	0
131.8	0	0
131.9	0	0
132	0	0
132.1	0	0
132.2	0	0
132.3	0	0
132.4	0	0
132.5	0	0
132.6	0	0
132.7	0	0
132.8	0	0
132.9	0	0
133	0	0
133.1	0	0
133.2	0	0
133.3	0	0
133.4	0	0
133.5	0	0
133.6	0	0
133.7	0	0
133.8	0	0
133.9	0	0
134	0	0
134.1	0	0
134.2	0	0
134.3	0	0
134.4	0	0
134.5	0	0
134.6	0	0
134.7	0	0
134.8	0	0
134.9	0	0
135	0	0
135.1	0	0
135.2	0	0
135.3	0	0
135.4	0	0
135.5	0	0
135.6	0	0
135.7	0	0
135.8	0	0
135.9	0	0
136	0	0
136.1	0	0
136.2	0	0
136.3	0	0
136.4	0	0
136.5	0	0
136.6	0	0
136.7	0	0
136.8	0	0
136.9	0	0
137	0	0
137.1	0	0
137.2	0	0
137.3	0	0
137.4	0	0
137.5	0	0
137.6	0	0
137.7	0	0
137.8	0	0
137.9	0	0
138	0	0
138.1	0	0
138.2	0	0
138.3	0	0
138.4	0	0
138.5	0	0
138.6	0	0
138.7	0	0
138.8	0	0
138.9	0	0
139	0	0
139.1	0	0
139.2	0	0
139.3	0	0
139.4	0	0
139.5	0	0
139.6	0	0
139.7	0	0
139.8	0	0
139.9	0	0
140	0	0
140.1	0	0
140.2	0	0
140.3	0	0
140.4	0	0
140.5	0	0
140.6	0	0
140.7	0	0
140.8	0	0
140.9	0	0
141	0	0
141.1	0	0
141.2	0	0
141.3	0	0
141.4	0	0
141.5	0	0
141.6	0	0
141.7	0	0
141.8	0	0
141.9	0	0
142	0	0
142.1	0	0
142.2	0	0
142.3	0	0
142.4	0	0
142.5	0	0
142.6	0	0
142.7	0	0
142.8	0	0
142.9	0	0
143	0	0
143.1	0	0
143.2	0	0
143.3	0	0
143.4	0	0
143.5	0	0
143.6	0	0
143.7	0	0
143.8	0	0
143.9	0	0
144	0	0
144.1	0	0
144.2	0	0
144.3	0	0
144.4	0	0
144.5	0	0
144.6	0	0
144.7	0	0
144.8	0	0
144.9	0	0
145	0	0
145.1	0	0
145.2	0	0
145.3	0	0
145.4	0	0
145.5	0	0
145.6	0	0
145.7	0	0
145.8	0	0
145.9	0	0
146	0	0
146.1	0	0
146.2	0	0
146.3	0	0
146.4	0	0
146.5	0	0
146.6	0	0
146.7	0	0
146.8	0	0
146.9	0	0
147	0	0
147.1	0	0
147.2	0	0
147.3	0	0
147.4	0	0
147.5	0	0
147.6	0	0
147.7	0	0
147.8	0	0
147.9	0	0
148	0	0
148.1	0	0
148.2	0	0
148.3	0	0
148.4	0	0
148.5	0	0
148.6	0	0
148.7	0	0
148.8	0	0
148.9	0	0
149	0	0
149.1	0	0
149.2	0	0
149.3	0	0
149.4	0	0
149.5	0	0
149.6	0	0
149.7	0	0
149.8	0	0
149.9	0	0
150	0	0
150.1	0	0
150.2	0	0
150.3	0	0
150.4	0	0
150.5	0	0
150.6	0	0
150.7	0	0
150.8	0	0
150.9	0	0
151	0	0
151.1	0	0
151.2	0	0
151.3	0	0
151.4	0	0
151.5	0	0
151.6	0	0
151.7	0	0
151.8	0	0
151.9	0	0
152	0	0
152.1	0	0
152.2	0	0
152.3	0	0
152.4	0	0
152.5	0	0
152.6	0	0
152.7	0	0
152.8	0	0
152.9	0	0
153	0	0
153.1	0	0
153.2	0	0
153.3	0	0
153.4	0	0
153.5	0	0
153.6	0	0
153.7	0	0
153.8	0	0
153.9	0	0
154	0	0
154.1	0	0
154.2	0	0
154.3	0	0
154.4	0	0
154.5	0	0
154.6	0	0
154.7	0	0
154.8	0	0
154.9	0	0
155	0	0
155.1	0	0
155.2	0	0
155.3	0	0
155.4	0	0
155.5	0	0
155.6	0	0
155.7	0	0
155.8	0	0
155.9	0	0
156	0	0
156.1	0	0
156.2	0	0
156.3	0	0
156.4	0	0
156.5	0	0
156.6	0	0
156.7	0	0
156.8	0	0
156.9	0	0
157	0	0
157.1	0	0
157.2	0	0
157.3	0	0
157.4	0	0
157.5	0	0
157.6	0	0
157.7	0	0
157.8	0	0
157.9	0	0
158	0	0
158.1	0	0
158.2	0	0
158.3	0	0
158.4	0	0
158.5	0	0
158.6	0	0
158.7	0	0
158.8	0	0
158.9	0	0
159	0	0
159.1	0	0
159.2	0	0
159.3	0	0
159.4	0	0
159.5	0	0
159.6	0	0
159.7	0	0
159.8	0	0
159.9	0	0
160	0	0
160.1	0	0
160.2	0	0
160.3	0	0
160.4	0	0
160.5	0	0
160.6	0	0
160.7	0	0
160.8	0	0
160.9	0	0
161	0	0
161.1	0	0
161.2	0	0
161.3	0	0
161.4	0	0
161.5	0	0
161.6	0	0
161.7	0	0
161.8	0	0
161.9	0	0
162	0	0
162.1	0	0
162.2	0	0
162.3	0	0
162.4	0	0
162.5	0	0
162.6	0	0
162.7	0	0
162.8	0	0
162.9	0	0
163	0	0
163.1	0	0
163.2	0	0
163.3	0	0
163.4	0	0
163.5	0	0
163.6	0	0
163.7	0	0
163.8	0	0
163.9	0	0
164	0	0
164.1	0	0
164.2	0	0
164.3	0	0
164.4	0	0
164.5	0	0
164.6	0	0
164.7	0	0
164.8	0	0
164.9	0	0
165	0	0
165.1	0.5	0,5
165.2	1	1
165.3	1.4	1,4
165.4	1.9	1,9
165.5	2.4	2,4
165.6	2.9	2,9
165.7	3.4	3,4
165.8	3.8	3,8
165.9	4.3	4,3
166	4.8	4,8
166.1	5.3	5,3
166.2	5.8	5,8
166.3	6.2	6,2
166.4	6.7	6,7
166.5	7.2	7,2
166.6	7.7	7,7
166.7	8.2	8,2
166.8	8.6	8,6
166.9	9.1	9,1
167	9.6	9,6
167.1	9.7	9,7
167.2	9.9	9,9
167.3	10	10
167.4	10.2	10,2
167.5	10.3	10,3
167.6	10.4	10,4
167.7	10.6	10,6
167.8	10.7	10,7
167.9	10.9	10,9
168	11	11
168.1	11	11
168.2	10.9	10,9
168.3	10.9	10,9
168.4	10.8	10,8
168.5	10.8	10,8
168.6	10.8	10,8
168.7	10.7	10,7
168.8	10.7	10,7
168.9	10.6	10,6
169	10.6	10,6
169.1	10.5	10,5
169.2	10.4	10,4
169.3	10.4	10,4
169.4	10.3	10,3
169.5	10.2	10,2
169.6	10.1	10,1
169.7	10	10
169.8	10	10
169.9	9.9	9,9
170	9.8	9,8
170.1	9.5	9,5
170.2	9.1	9,1
170.3	8.8	8,8
170.4	8.4	8,4
170.5	8.1	8,1
170.6	7.8	7,8
170.7	7.4	7,4
170.8	7.1	7,1
170.9	6.7	6,7
171	6.4	6,4
171.1	6.1	6,1
171.2	5.7	5,7
171.3	5.4	5,4
171.4	5	5
171.5	4.7	4,7
171.6	4.4	4,4
171.7	4	4
171.8	3.7	3,7
171.9	3.3	3,3
172	3	3
172.1	3	3
172.2	3	3
172.3	2.9	2,9
172.4	2.9	2,9
172.5	2.9	2,9
172.6	2.9	2,9
172.7	2.9	2,9
172.8	2.8	2,8
172.9	2.8	2,8
173	2.8	2,8
173.1	2.5	2,5
173.2	2.2	2,2
173.3	2	2
173.4	1.7	1,7
173.5	1.4	1,4
173.6	1.1	1,1
173.7	0.8	0,8
173.8	0.6	0,6
173.9	0.3	0,3
174	0	0
174.1	0	0
174.2	0	0
174.3	0	0
174.4	0	0
174.5	0	0
174.6	0	0
174.7	0	0
174.8	0	0
174.9	0	0
175	0	0
175.1	0	0
175.2	0	0
175.3	0	0
175.4	0	0
175.5	0	0
175.6	0	0
175.7	0	0
175.8	0	0
175.9	0	0
176	0	0
176.1	0	0
176.2	0	0
176.3	0	0
176.4	0	0
176.5	0	0
176.6	0	0
176.7	0	0
176.8	0	0
176.9	0	0
177	0	0
177.1	0	0
177.2	0	0
177.3	0	0
177.4	0	0
177.5	0	0
177.6	0	0
177.7	0	0
177.8	0	0
177.9	0	0
178	0	0
178.1	0	0
178.2	0	0
178.3	0	0
178.4	0	0
178.5	0	0
178.6	0	0
178.7	0	0
178.8	0	0
178.9	0	0
179	0	0
179.1	0	0
179.2	0	0
179.3	0	0
179.4	0	0
179.5	0	0
179.6	0	0
179.7	0	0
179.8	0	0
179.9	0	0
180	0	0
180.1	0	0
180.2	0	0
180.3	0	0
180.4	0	0
180.5	0	0
180.6	0	0
180.7	0	0
180.8	0	0
180.9	0	0
181	0	0
181.1	0	0
181.2	0	0
181.3	0	0
181.4	0	0
181.5	0	0
181.6	0	0
181.7	0	0
181.8	0	0
181.9	0	0
182	0	0
182.1	0	0
182.2	0	0
182.3	0	0
182.4	0	0
182.5	0	0
182.6	0	0
182.7	0	0
182.8	0	0
182.9	0	0
183	0	0
183.1	0	0
183.2	0	0
183.3	0	0
183.4	0	0
183.5	0	0
183.6	0	0
183.7	0	0
183.8	0	0
183.9	0	0
184	0	0
184.1	0	0
184.2	0	0
184.3	0	0
184.4	0	0
184.5	0	0
184.6	0	0
184.7	0	0
184.8	0	0
184.9	0	0
185	0	0
185.1	0	0
185.2	0	0
185.3	0	0
185.4	0	0
185.5	0	0
185.6	0	0
185.7	0	0
185.8	0	0
185.9	0	0
186	0	0
186.1	0	0
186.2	0	0
186.3	0	0
186.4	0	0
186.5	0	0
186.6	0	0
186.7	0	0
186.8	0	0
186.9	0	0
187	0	0
187.1	0	0
187.2	0	0
187.3	0	0
187.4	0	0
187.5	0	0
187.6	0	0
187.7	0	0
187.8	0	0
187.9	0	0
188	0	0
188.1	0	0
188.2	0	0
188.3	0	0
188.4	0	0
188.5	0	0
188.6	0	0
188.7	0	0
188.8	0	0
188.9	0	0
189	0	0
189.1	0	0
189.2	0	0
189.3	0	0
189.4	0	0
189.5	0	0
189.6	0	0
189.7	0	0
189.8	0	0
189.9	0	0
190	0	0
190.1	0	0
190.2	0	0
190.3	0	0
190.4	0	0
190.5	0	0
190.6	0	0
190.7	0	0
190.8	0	0
190.9	0	0
191	0	0
191.1	0	0
191.2	0	0
191.3	0	0
191.4	0	0
191.5	0	0
191.6	0	0
191.7	0	0
191.8	0	0
191.9	0	0
192	0	0
192.1	0	0
192.2	0	0
192.3	0	0
192.4	0	0
192.5	0	0
192.6	0	0
192.7	0	0
192.8	0	0
192.9	0	0
193	0	0
193.1	0	0
193.2	0	0
193.3	0	0
193.4	0	0
193.5	0	0
193.6	0	0
193.7	0	0
193.8	0	0
193.9	0	0
194	0	0
194.1	0	0
194.2	0	0
194.3	0	0
194.4	0	0
194.5	0	0
194.6	0	0
194.7	0	0
194.8	0	0
194.9	0	0
195	0	0
195.1	0	0
195.2	0	0
195.3	0	0
195.4	0	0
195.5	0	0
195.6	0	0
195.7	0	0
195.8	0	0
195.9	0	0
196	0	0
196.1	0	0
196.2	0	0
196.3	0	0
196.4	0	0
196.5	0	0
196.6	0	0
196.7	0	0
196.8	0	0
196.9	0	0
197	0	0
197.1	0	0
197.2	0	0
197.3	0	0
197.4	0	0
197.5	0	0
197.6	0	0
197.7	0	0
197.8	0	0
197.9	0	0
198	0	0
198.1	0	0
198.2	0	0
198.3	0	0
198.4	0	0
198.5	0	0
198.6	0	0
198.7	0	0
198.8	0	0
198.9	0	0
199	0	0
199.1	0	0
199.2	0	0
199.3	0	0
199.4	0	0
199.5	0	0
199.6	0	0
199.7	0	0
199.8	0	0
199.9	0	0
200	0	0
200.1	0	0
200.2	0	0
200.3	0	0
200.4	0	0
200.5	0	0
200.6	0	0
200.7	0	0
200.8	0	0
200.9	0	0
201	0	0
201.1	0	0
201.2	0	0
201.3	0	0
201.4	0	0
201.5	0	0
201.6	0	0
201.7	0	0
201.8	0	0
201.9	0	0
202	0	0
202.1	0	0
202.2	0	0
202.3	0	0
202.4	0	0
202.5	0	0
202.6	0	0
202.7	0	0
202.8	0	0
202.9	0	0
203	0	0
203.1	0	0
203.2	0	0
203.3	0	0
203.4	0	0
203.5	0	0
203.6	0	0
203.7	0	0
203.8	0	0
203.9	0	0
204	0	0
204.1	0	0
204.2	0	0
204.3	0	0
204.4	0	0
204.5	0	0
204.6	0	0
204.7	0	0
204.8	0	0
204.9	0	0
205	0	0
205.1	0	0
205.2	0	0
205.3	0	0
205.4	0	0
205.5	0	0
205.6	0	0
205.7	0	0
205.8	0	0
205.9	0	0
206	0	0
206.1	0	0
206.2	0	0
206.3	0	0
206.4	0	0
206.5	0	0
206.6	0	0
206.7	0	0
206.8	0	0
206.9	0	0
207	0	0
207.1	0	0
207.2	0	0
207.3	0	0
207.4	0	0
207.5	0	0
207.6	0	0
207.7	0	0
207.8	0	0
207.9	0	0
208	0	0
208.1	0	0
208.2	0	0
208.3	0	0
208.4	0	0
208.5	0	0
208.6	0	0
208.7	0	0
208.8	0	0
208.9	0	0
209	0	0
209.1	0	0
209.2	0	0
209.3	0	0
209.4	0	0
209.5	0	0
209.6	0	0
209.7	0	0
209.8	0	0
209.9	0	0
210	0	0
210.1	0.5	0,5
210.2	1	1
210.3	1.4	1,4
210.4	1.9	1,9
210.5	2.4	2,4
210.6	2.9	2,9
210.7	3.4	3,4
210.8	3.8	3,8
210.9	4.3	4,3
211	4.8	4,8
211.1	5.3	5,3
211.2	5.8	5,8
211.3	6.2	6,2
211.4	6.7	6,7
211.5	7.2	7,2
211.6	7.7	7,7
211.7	8.2	8,2
211.8	8.6	8,6
211.9	9.1	9,1
212	9.6	9,6
212.1	10.1	10,1
212.2	10.6	10,6
212.3	11.1	11,1
212.4	11.6	11,6
212.5	12.1	12,1
212.6	12.6	12,6
212.7	13.1	13,1
212.8	13.6	13,6
212.9	14.1	14,1
213	14.6	14,6
213.1	14.6	14,6
213.2	14.6	14,6
213.3	14.7	14,7
213.4	14.7	14,7
213.5	14.7	14,7
213.6	14.7	14,7
213.7	14.7	14,7
213.8	14.8	14,8
213.9	14.8	14,8
214	14.8	14,8
214.1	14.8	14,8
214.2	14.7	14,7
214.3	14.7	14,7
214.4	14.6	14,6
214.5	14.6	14,6
214.6	14.6	14,6
214.7	14.5	14,5
214.8	14.5	14,5
214.9	14.4	14,4
215	14.4	14,4
215.1	14.3	14,3
215.2	14.3	14,3
215.3	14.2	14,2
215.4	14.2	14,2
215.5	14.1	14,1
215.6	14	14
215.7	14	14
215.8	13.9	13,9
215.9	13.9	13,9
216	13.8	13,8
216.1	13.8	13,8
216.2	13.8	13,8
216.3	13.7	13,7
216.4	13.7	13,7
216.5	13.7	13,7
216.6	13.7	13,7
216.7	13.7	13,7
216.8	13.6	13,6
216.9	13.6	13,6
217	13.6	13,6
217.1	13.6	13,6
217.2	13.6	13,6
217.3	13.7	13,7
217.4	13.7	13,7
217.5	13.7	13,7
217.6	13.7	13,7
217.7	13.7	13,7
217.8	13.8	13,8
217.9	13.8	13,8
218	13.8	13,8
218.1	14	14
218.2	14.1	14,1
218.3	14.3	14,3
218.4	14.4	14,4
218.5	14.6	14,6
218.6	14.8	14,8
218.7	14.9	14,9
218.8	15.1	15,1
218.9	15.2	15,2
219	15.4	15,4
219.1	15.4	15,4
219.2	15.4	15,4
219.3	15.3	15,3
219.4	15.3	15,3
219.5	15.3	15,3
219.6	15.3	15,3
219.7	15.3	15,3
219.8	15.2	15,2
219.9	15.2	15,2
220	15.2	15,2
220.1	15.1	15,1
220.2	15	15
220.3	14.9	14,9
220.4	14.8	14,8
220.5	14.7	14,7
220.6	14.6	14,6
220.7	14.5	14,5
220.8	14.4	14,4
220.9	14.3	14,3
221	14.2	14,2
221.1	14	14
221.2	13.8	13,8
221.3	13.6	13,6
221.4	13.4	13,4
221.5	13.2	13,2
221.6	13	13
221.7	12.8	12,8
221.8	12.6	12,6
221.9	12.4	12,4
222	12.2	12,2
222.1	11.9	11,9
222.2	11.5	11,5
222.3	11.2	11,2
222.4	10.8	10,8
222.5	10.5	10,5
222.6	10.2	10,2
222.7	9.8	9,8
222.8	9.5	9,5
222.9	9.1	9,1
223	8.8	8,8
223.1	8.6	8,6
223.2	8.4	8,4
223.3	8.1	8,1
223.4	7.9	7,9
223.5	7.7	7,7
223.6	7.5	7,5
223.7	7.3	7,3
223.8	7	7
223.9	6.8	6,8
224	6.6	6,6
224.1	6.2	6,2
224.2	5.9	5,9
224.3	5.5	5,5
224.4	5.2	5,2
224.5	4.8	4,8
224.6	4.4	4,4
224.7	4.1	4,1
224.8	3.7	3,7
224.9	3.4	3,4
225	3	3
225.1	3	3
225.2	3	3
225.3	2.9	2,9
225.4	2.9	2,9
225.5	2.9	2,9
225.6	2.9	2,9
225.7	2.9	2,9
225.8	2.8	2,8
225.9	2.8	2,8
226	2.8	2,8
226.1	2.6	2,6
226.2	2.4	2,4
226.3	2.2	2,2
226.4	2	2
226.5	1.8	1,8
226.6	1.6	1,6
226.7	1.4	1,4
226.8	1.2	1,2
226.9	1	1
227	0.8	0,8
227.1	0.7	0,7
227.2	0.6	0,6
227.3	0.6	0,6
227.4	0.5	0,5
227.5	0.4	0,4
227.6	0.3	0,3
227.7	0.2	0,2
227.8	0.2	0,2
227.9	0.1	0,1
228	0	0
228.1	0	0
228.2	0	0
228.3	0	0
228.4	0	0
228.5	0	0
228.6	0	0
228.7	0	0
228.8	0	0
228.9	0	0
229	0	0
229.1	0	0
229.2	0	0
229.3	0	0
229.4	0	0
229.5	0	0
229.6	0	0
229.7	0	0
229.8	0	0
229.9	0	0
230	0	0
230.1	0	0
230.2	0	0
230.3	0	0
230.4	0	0
230.5	0	0
230.6	0	0
230.7	0	0
230.8	0	0
230.9	0	0
231	0	0
231.1	0	0
231.2	0	0
231.3	0	0
231.4	0	0
231.5	0	0
231.6	0	0
231.7	0	0
231.8	0	0
231.9	0	0
232	0	0
232.1	0.1	0,1
232.2	0.3	0,3
232.3	0.4	0,4
232.4	0.6	0,6
232.5	0.7	0,7
232.6	0.8	0,8
232.7	1	1
232.8	1.1	1,1
232.9	1.3	1,3
233	1.4	1,4
233.1	1.9	1,9
233.2	2.4	2,4
233.3	2.9	2,9
233.4	3.4	3,4
233.5	3.9	3,9
233.6	4.4	4,4
233.7	4.9	4,9
233.8	5.4	5,4
233.9	5.9	5,9
234	6.4	6,4
234.1	6.8	6,8
234.2	7.1	7,1
234.3	7.5	7,5
234.4	7.8	7,8
234.5	8.2	8,2
234.6	8.6	8,6
234.7	8.9	8,9
234.8	9.3	9,3
234.9	9.6	9,6
235	10	10
235.1	10	10
235.2	10	10
235.3	10.1	10,1
235.4	10.1	10,1
235.5	10.1	10,1
235.6	10.1	10,1
235.7	10.1	10,1
235.8	10.2	10,2
235.9	10.2	10,2
236	10.2	10,2
236.1	10	10
236.2	9.8	9,8
236.3	9.6	9,6
236.4	9.4	9,4
236.5	9.2	9,2
236.6	9	9
236.7	8.8	8,8
236.8	8.6	8,6
236.9	8.4	8,4
237	8.2	8,2
237.1	7.9	7,9
237.2	7.6	7,6
237.3	7.4	7,4
237.4	7.1	7,1
237.5	6.8	6,8
237.6	6.5	6,5
237.7	6.2	6,2
237.8	6	6
237.9	5.7	5,7
238	5.4	5,4
238.1	5.3	5,3
238.2	5.2	5,2
238.3	5.2	5,2
238.4	5.1	5,1
238.5	5	5
238.6	4.9	4,9
238.7	4.8	4,8
238.8	4.8	4,8
238.9	4.7	4,7
239	4.6	4,6
239.1	4.6	4,6
239.2	4.6	4,6
239.3	4.5	4,5
239.4	4.5	4,5
239.5	4.5	4,5
239.6	4.5	4,5
239.7	4.5	4,5
239.8	4.4	4,4
239.9	4.4	4,4
240	4.4	4,4
240.1	4.5	4,5
240.2	4.6	4,6
240.3	4.6	4,6
240.4	4.7	4,7
240.5	4.8	4,8
240.6	4.9	4,9
240.7	5	5
240.8	5	5
240.9	5.1	5,1
241	5.2	5,2
241.1	5.4	5,4
241.2	5.7	5,7
241.3	5.9	5,9
241.4	6.2	6,2
241.5	6.4	6,4
241.6	6.6	6,6
241.7	6.9	6,9
241.8	7.1	7,1
241.9	7.4	7,4
242	7.6	7,6
242.1	7.8	7,8
242.2	7.9	7,9
242.3	8.1	8,1
242.4	8.2	8,2
242.5	8.4	8,4
242.6	8.6	8,6
242.7	8.7	8,7
242.8	8.9	8,9
242.9	9	9
243	9.2	9,2
243.1	9.2	9,2
243.2	9.1	9,1
243.3	9.1	9,1
243.4	9	9
243.5	9	9
243.6	9	9
243.7	8.9	8,9
243.8	8.9	8,9
243.9	8.8	8,8
244	8.8	8,8
244.1	8.7	8,7
244.2	8.5	8,5
244.3	8.4	8,4
244.4	8.2	8,2
244.5	8.1	8,1
244.6	8	8
244.7	7.8	7,8
244.8	7.7	7,7
244.9	7.5	7,5
245	7.4	7,4
245.1	7.1	7,1
245.2	6.8	6,8
245.3	6.4	6,4
245.4	6.1	6,1
245.5	5.8	5,8
245.6	5.5	5,5
245.7	5.2	5,2
245.8	4.8	4,8
245.9	4.5	4,5
246	4.2	4,2
246.1	4.1	4,1
246.2	4	4
246.3	3.8	3,8
246.4	3.7	3,7
246.5	3.6	3,6
246.6	3.5	3,5
246.7	3.4	3,4
246.8	3.2	3,2
246.9	3.1	3,1
247	3	3
247.1	2.9	2,9
247.2	2.8	2,8
247.3	2.7	2,7
247.4	2.6	2,6
247.5	2.5	2,5
247.6	2.4	2,4
247.7	2.3	2,3
247.8	2.2	2,2
247.9	2.1	2,1
248	2	2
248.1	1.8	1,8
248.2	1.6	1,6
248.3	1.4	1,4
248.4	1.2	1,2
248.5	1	1
248.6	0.8	0,8
248.7	0.6	0,6
248.8	0.4	0,4
248.9	0.2	0,2
249	0	0
249.1	0	0
249.2	0	0
249.3	0	0
249.4	0	0
249.5	0	0
249.6	0	0
249.7	0	0
249.8	0	0
249.9	0	0
250	0	0
250.1	0	0
250.2	0	0
250.3	0	0
250.4	0	0
250.5	0	0
250.6	0	0
250.7	0	0
250.8	0	0
250.9	0	0
251	0	0
251.1	0	0
251.2	0	0
251.3	0	0
251.4	0	0
251.5	0	0
251.6	0	0
251.7	0	0
251.8	0	0
251.9	0	0
252	0	0
252.1	0	0
252.2	0	0
252.3	0	0
252.4	0	0
252.5	0	0
252.6	0	0
252.7	0	0
252.8	0	0
252.9	0	0
253	0	0
253.1	0	0
253.2	0	0
253.3	0	0
253.4	0	0
253.5	0	0
253.6	0	0
253.7	0	0
253.8	0	0
253.9	0	0
254	0	0
254.1	0	0
254.2	0	0
254.3	0	0
254.4	0	0
254.5	0	0
254.6	0	0
254.7	0	0
254.8	0	0
254.9	0	0
255	0	0
255.1	0	0
255.2	0	0
255.3	0	0
255.4	0	0
255.5	0	0
255.6	0	0
255.7	0	0
255.8	0	0
255.9	0	0
256	0	0
256.1	0	0
256.2	0	0
256.3	0	0
256.4	0	0
256.5	0	0
256.6	0	0
256.7	0	0
256.8	0	0
256.9	0	0
257	0	0
257.1	0	0
257.2	0	0
257.3	0	0
257.4	0	0
257.5	0	0
257.6	0	0
257.7	0	0
257.8	0	0
257.9	0	0
258	0	0
258.1	0	0
258.2	0	0
258.3	0	0
258.4	0	0
258.5	0	0
258.6	0	0
258.7	0	0
258.8	0	0
258.9	0	0
259	0	0
259.1	0	0
259.2	0	0
259.3	0	0
259.4	0	0
259.5	0	0
259.6	0	0
259.7	0	0
259.8	0	0
259.9	0	0
260	0	0
260.1	0	0
260.2	0	0
260.3	0	0
260.4	0	0
260.5	0	0
260.6	0	0
260.7	0	0
260.8	0	0
260.9	0	0
261	0	0
261.1	0	0
261.2	0	0
261.3	0	0
261.4	0	0
261.5	0	0
261.6	0	0
261.7	0	0
261.8	0	0
261.9	0	0
262	0	0
262.1	0	0
262.2	0	0
262.3	0	0
262.4	0	0
262.5	0	0
262.6	0	0
262.7	0	0
262.8	0	0
262.9	0	0
263	0	0
263.1	0	0
263.2	0	0
263.3	0	0
263.4	0	0
263.5	0	0
263.6	0	0
263.7	0	0
263.8	0	0
263.9	0	0
264	0	0
264.1	0	0
264.2	0	0
264.3	0	0
264.4	0	0
264.5	0	0
264.6	0	0
264.7	0	0
264.8	0	0
264.9	0	0
265	0	0
265.1	0	0
265.2	0	0
265.3	0	0
265.4	0	0
265.5	0	0
265.6	0	0
265.7	0	0
265.8	0	0
265.9	0	0
266	0	0
266.1	0	0
266.2	0	0
266.3	0	0
266.4	0	0
266.5	0	0
266.6	0	0
266.7	0	0
266.8	0	0
266.9	0	0
267	0	0
267.1	0	0
267.2	0	0
267.3	0	0
267.4	0	0
267.5	0	0
267.6	0	0
267.7	0	0
267.8	0	0
267.9	0	0
268	0	0
268.1	0	0
268.2	0	0
268.3	0	0
268.4	0	0
268.5	0	0
268.6	0	0
268.7	0	0
268.8	0	0
268.9	0	0
269	0	0
269.1	0	0
269.2	0	0
269.3	0	0
269.4	0	0
269.5	0	0
269.6	0	0
269.7	0	0
269.8	0	0
269.9	0	0
270	0	0
270.1	0	0
270.2	0	0
270.3	0	0
270.4	0	0
270.5	0	0
270.6	0	0
270.7	0	0
270.8	0	0
270.9	0	0
271	0	0
271.1	0	0
271.2	0	0
271.3	0	0
271.4	0	0
271.5	0	0
271.6	0	0
271.7	0	0
271.8	0	0
271.9	0	0
272	0	0
272.1	0	0
272.2	0	0
272.3	0	0
272.4	0	0
272.5	0	0
272.6	0	0
272.7	0	0
272.8	0	0
272.9	0	0
273	0	0
273.1	0	0
273.2	0	0
273.3	0	0
273.4	0	0
273.5	0	0
273.6	0	0
273.7	0	0
273.8	0	0
273.9	0	0
274	0	0
274.1	0	0
274.2	0	0
274.3	0	0
274.4	0	0
274.5	0	0
274.6	0	0
274.7	0	0
274.8	0	0
274.9	0	0
275	0	0
275.1	0	0
275.2	0	0
275.3	0	0
275.4	0	0
275.5	0	0
275.6	0	0
275.7	0	0
275.8	0	0
275.9	0	0
276	0	0
276.1	0	0
276.2	0	0
276.3	0	0
276.4	0	0
276.5	0	0
276.6	0	0
276.7	0	0
276.8	0	0
276.9	0	0
277	0	0
277.1	0	0
277.2	0	0
277.3	0	0
277.4	0	0
277.5	0	0
277.6	0	0
277.7	0	0
277.8	0	0
277.9	0	0
278	0	0
278.1	0	0
278.2	0	0
278.3	0	0
278.4	0	0
278.5	0	0
278.6	0	0
278.7	0	0
278.8	0	0
278.9	0	0
279	0	0
279.1	0	0
279.2	0	0
279.3	0	0
279.4	0	0
279.5	0	0
279.6	0	0
279.7	0	0
279.8	0	0
279.9	0	0
280	0	0
280.1	0	0
280.2	0	0
280.3	0	0
280.4	0	0
280.5	0	0
280.6	0	0
280.7	0	0
280.8	0	0
280.9	0	0
281	0	0
281.1	0	0
281.2	0	0
281.3	0	0
281.4	0	0
281.5	0	0
281.6	0	0
281.7	0	0
281.8	0	0
281.9	0	0
282	0	0
282.1	0	0
282.2	0	0
282.3	0	0
282.4	0	0
282.5	0	0
282.6	0	0
282.7	0	0
282.8	0	0
282.9	0	0
283	0	0
283.1	0	0
283.2	0	0
283.3	0	0
283.4	0	0
283.5	0	0
283.6	0	0
283.7	0	0
283.8	0	0
283.9	0	0
284	0	0
284.1	0	0
284.2	0	0
284.3	0	0
284.4	0	0
284.5	0	0
284.6	0	0
284.7	0	0
284.8	0	0
284.9	0	0
285	0	0
285.1	0.5	0,5
285.2	1	1
285.3	1.4	1,4
285.4	1.9	1,9
285.5	2.4	2,4
285.6	2.9	2,9
285.7	3.4	3,4
285.8	3.8	3,8
285.9	4.3	4,3
286	4.8	4,8
286.1	5.3	5,3
286.2	5.8	5,8
286.3	6.2	6,2
286.4	6.7	6,7
286.5	7.2	7,2
286.6	7.7	7,7
286.7	8.2	8,2
286.8	8.6	8,6
286.9	9.1	9,1
287	9.6	9,6
287.1	10.1	10,1
287.2	10.7	10,7
287.3	11.2	11,2
287.4	11.8	11,8
287.5	12.3	12,3
287.6	12.8	12,8
287.7	13.4	13,4
287.8	13.9	13,9
287.9	14.5	14,5
288	15	15
288.1	15	15
288.2	15	15
288.3	15.1	15,1
288.4	15.1	15,1
288.5	15.1	15,1
288.6	15.1	15,1
288.7	15.1	15,1
288.8	15.2	15,2
288.9	15.2	15,2
289	15.2	15,2
289.1	15.1	15,1
289.2	15.1	15,1
289.3	15	15
289.4	15	15
289.5	14.9	14,9
289.6	14.8	14,8
289.7	14.8	14,8
289.8	14.7	14,7
289.9	14.7	14,7
290	14.6	14,6
290.1	14.5	14,5
290.2	14.4	14,4
290.3	14.3	14,3
290.4	14.2	14,2
290.5	14.1	14,1
290.6	14	14
290.7	13.9	13,9
290.8	13.8	13,8
290.9	13.7	13,7
291	13.6	13,6
291.1	13.6	13,6
291.2	13.6	13,6
291.3	13.7	13,7
291.4	13.7	13,7
291.5	13.7	13,7
291.6	13.7	13,7
291.7	13.7	13,7
291.8	13.8	13,8
291.9	13.8	13,8
292	13.8	13,8
292.1	13.9	13,9
292.2	13.9	13,9
292.3	14	14
292.4	14	14
292.5	14.1	14,1
292.6	14.2	14,2
292.7	14.2	14,2
292.8	14.3	14,3
292.9	14.3	14,3
293	14.4	14,4
293.1	14.5	14,5
293.2	14.7	14,7
293.3	14.8	14,8
293.4	15	15
293.5	15.1	15,1
293.6	15.2	15,2
293.7	15.4	15,4
293.8	15.5	15,5
293.9	15.7	15,7
294	15.8	15,8
294.1	15.7	15,7
294.2	15.5	15,5
294.3	15.4	15,4
294.4	15.2	15,2
294.5	15.1	15,1
294.6	15	15
294.7	14.8	14,8
294.8	14.7	14,7
294.9	14.5	14,5
295	14.4	14,4
295.1	14.1	14,1
295.2	13.7	13,7
295.3	13.4	13,4
295.4	13	13
295.5	12.7	12,7
295.6	12.4	12,4
295.7	12	12
295.8	11.7	11,7
295.9	11.3	11,3
296	11	11
296.1	10.6	10,6
296.2	10.2	10,2
296.3	9.9	9,9
296.4	9.5	9,5
296.5	9.1	9,1
296.6	8.7	8,7
296.7	8.3	8,3
296.8	8	8
296.9	7.6	7,6
297	7.2	7,2
297.1	6.8	6,8
297.2	6.4	6,4
297.3	5.9	5,9
297.4	5.5	5,5
297.5	5.1	5,1
297.6	4.7	4,7
297.7	4.3	4,3
297.8	3.8	3,8
297.9	3.4	3,4
298	3	3
298.1	3	3
298.2	3	3
298.3	2.9	2,9
298.4	2.9	2,9
298.5	2.9	2,9
298.6	2.9	2,9
298.7	2.9	2,9
298.8	2.8	2,8
298.9	2.8	2,8
299	2.8	2,8
299.1	2.6	2,6
299.2	2.4	2,4
299.3	2.1	2,1
299.4	1.9	1,9
299.5	1.7	1,7
299.6	1.5	1,5
299.7	1.3	1,3
299.8	1	1
299.9	0.8	0,8
300	0.6	0,6
300.1	0.5	0,5
300.2	0.5	0,5
300.3	0.4	0,4
300.4	0.4	0,4
300.5	0.3	0,3
300.6	0.2	0,2
300.7	0.2	0,2
300.8	0.1	0,1
300.9	0.1	0,1
301	0	0
301.1	0	0
301.2	0	0
301.3	0	0
301.4	0	0
301.5	0	0
301.6	0	0
301.7	0	0
301.8	0	0
301.9	0	0
302	0	0
302.1	0	0
302.2	0	0
302.3	0	0
302.4	0	0
302.5	0	0
302.6	0	0
302.7	0	0
302.8	0	0
302.9	0	0
303	0	0
303.1	0	0
303.2	0	0
303.3	0	0
303.4	0	0
303.5	0	0
303.6	0	0
303.7	0	0
303.8	0	0
303.9	0	0
304	0	0
304.1	0	0
304.2	0	0
304.3	0	0
304.4	0	0
304.5	0	0
304.6	0	0
304.7	0	0
304.8	0	0
304.9	0	0
305	0	0
305.1	0	0
305.2	0	0
305.3	0	0
305.4	0	0
305.5	0	0
305.6	0	0
305.7	0	0
305.8	0	0
305.9	0	0
306	0	0
306.1	0	0
306.2	0	0
306.3	0	0
306.4	0	0
306.5	0	0
306.6	0	0
306.7	0	0
306.8	0	0
306.9	0	0
307	0	0
307.1	0	0
307.2	0	0
307.3	0	0
307.4	0	0
307.5	0	0
307.6	0	0
307.7	0	0
307.8	0	0
307.9	0	0
308	0	0
308.1	0	0
308.2	0	0
308.3	0	0
308.4	0	0
308.5	0	0
308.6	0	0
308.7	0	0
308.8	0	0
308.9	0	0
309	0	0
309.1	0	0
309.2	0	0
309.3	0	0
309.4	0	0
309.5	0	0
309.6	0	0
309.7	0	0
309.8	0	0
309.9	0	0
310	0	0
310.1	0	0
310.2	0	0
310.3	0	0
310.4	0	0
310.5	0	0
310.6	0	0
310.7	0	0
310.8	0	0
310.9	0	0
311	0	0
311.1	0	0
311.2	0	0
311.3	0	0
311.4	0	0
311.5	0	0
311.6	0	0
311.7	0	0
311.8	0	0
311.9	0	0
312	0	0
312.1	0	0
312.2	0	0
312.3	0	0
312.4	0	0
312.5	0	0
312.6	0	0
312.7	0	0
312.8	0	0
312.9	0	0
313	0	0
313.1	0	0
313.2	0	0
313.3	0	0
313.4	0	0
313.5	0	0
313.6	0	0
313.7	0	0
313.8	0	0
313.9	0	0
314	0	0
314.1	0	0
314.2	0	0
314.3	0	0
314.4	0	0
314.5	0	0
314.6	0	0
314.7	0	0
314.8	0	0
314.9	0	0
315	0	0
315.1	0	0
315.2	0	0
315.3	0	0
315.4	0	0
315.5	0	0
315.6	0	0
315.7	0	0
315.8	0	0
315.9	0	0
316	0	0
316.1	0	0
316.2	0	0
316.3	0	0
316.4	0	0
316.5	0	0
316.6	0	0
316.7	0	0
316.8	0	0
316.9	0	0
317	0	0
317.1	0	0
317.2	0	0
317.3	0	0
317.4	0	0
317.5	0	0
317.6	0	0
317.7	0	0
317.8	0	0
317.9	0	0
318	0	0
318.1	0	0
318.2	0	0
318.3	0	0
318.4	0	0
318.5	0	0
318.6	0	0
318.7	0	0
318.8	0	0
318.9	0	0
319	0	0
319.1	0	0
319.2	0	0
319.3	0	0
319.4	0	0
319.5	0	0
319.6	0	0
319.7	0	0
319.8	0	0
319.9	0	0
320	0	0
320.1	0	0
320.2	0	0
320.3	0	0
320.4	0	0
320.5	0	0
320.6	0	0
320.7	0	0
320.8	0	0
320.9	0	0
321	0	0
321.1	0	0
321.2	0	0
321.3	0	0
321.4	0	0
321.5	0	0
321.6	0	0
321.7	0	0
321.8	0	0
321.9	0	0
322	0	0
322.1	0	0
322.2	0	0
322.3	0	0
322.4	0	0
322.5	0	0
322.6	0	0
322.7	0	0
322.8	0	0
322.9	0	0
323	0	0
323.1	0	0
323.2	0	0
323.3	0	0
323.4	0	0
323.5	0	0
323.6	0	0
323.7	0	0
323.8	0	0
323.9	0	0
324	0	0
324.1	0	0
324.2	0	0
324.3	0	0
324.4	0	0
324.5	0	0
324.6	0	0
324.7	0	0
324.8	0	0
324.9	0	0
325	0	0
325.1	0	0
325.2	0	0
325.3	0	0
325.4	0	0
325.5	0	0
325.6	0	0
325.7	0	0
325.8	0	0
325.9	0	0
326	0	0
326.1	0	0
326.2	0	0
326.3	0	0
326.4	0	0
326.5	0	0
326.6	0	0
326.7	0	0
326.8	0	0
326.9	0	0
327	0	0
327.1	0	0
327.2	0	0
327.3	0	0
327.4	0	0
327.5	0	0
327.6	0	0
327.7	0	0
327.8	0	0
327.9	0	0
328	0	0
328.1	0	0
328.2	0	0
328.3	0	0
328.4	0	0
328.5	0	0
328.6	0	0
328.7	0	0
328.8	0	0
328.9	0	0
329	0	0
329.1	0	0
329.2	0	0
329.3	0	0
329.4	0	0
329.5	0	0
329.6	0	0
329.7	0	0
329.8	0	0
329.9	0	0
330	0	0
330.1	0.5	0,5
330.2	1	1
330.3	1.4	1,4
330.4	1.9	1,9
330.5	2.4	2,4
330.6	2.9	2,9
330.7	3.4	3,4
330.8	3.8	3,8
330.9	4.3	4,3
331	4.8	4,8
331.1	5.3	5,3
331.2	5.8	5,8
331.3	6.2	6,2
331.4	6.7	6,7
331.5	7.2	7,2
331.6	7.7	7,7
331.7	8.2	8,2
331.8	8.6	8,6
331.9	9.1	9,1
332	9.6	9,6
332.1	10.2	10,2
332.2	10.8	10,8
332.3	11.5	11,5
332.4	12.1	12,1
332.5	12.7	12,7
332.6	13.3	13,3
332.7	13.9	13,9
332.8	14.6	14,6
332.9	15.2	15,2
333	15.8	15,8
333.1	15.9	15,9
333.2	15.9	15,9
333.3	16	16
333.4	16	16
333.5	16.1	16,1
333.6	16.2	16,2
333.7	16.2	16,2
333.8	16.3	16,3
333.9	16.3	16,3
334	16.4	16,4
334.1	16.3	16,3
334.2	16.2	16,2
334.3	16.2	16,2
334.4	16.1	16,1
334.5	16	16
334.6	15.9	15,9
334.7	15.8	15,8
334.8	15.8	15,8
334.9	15.7	15,7
335	15.6	15,6
335.1	15.5	15,5
335.2	15.4	15,4
335.3	15.2	15,2
335.4	15.1	15,1
335.5	15	15
335.6	14.9	14,9
335.7	14.8	14,8
335.8	14.6	14,6
335.9	14.5	14,5
336	14.4	14,4
336.1	14.3	14,3
336.2	14.2	14,2
336.3	14.1	14,1
336.4	14	14
336.5	13.9	13,9
336.6	13.8	13,8
336.7	13.7	13,7
336.8	13.6	13,6
336.9	13.5	13,5
337	13.4	13,4
337.1	13.4	13,4
337.2	13.4	13,4
337.3	13.5	13,5
337.4	13.5	13,5
337.5	13.5	13,5
337.6	13.5	13,5
337.7	13.5	13,5
337.8	13.6	13,6
337.9	13.6	13,6
338	13.6	13,6
338.1	13.9	13,9
338.2	14.1	14,1
338.3	14.4	14,4
338.4	14.6	14,6
338.5	14.9	14,9
338.6	15.2	15,2
338.7	15.4	15,4
338.8	15.7	15,7
338.9	15.9	15,9
339	16.2	16,2
339.1	16.2	16,2
339.2	16.2	16,2
339.3	16.1	16,1
339.4	16.1	16,1
339.5	16.1	16,1
339.6	16.1	16,1
339.7	16.1	16,1
339.8	16	16
339.9	16	16
340	16	16
340.1	15.9	15,9
340.2	15.8	15,8
340.3	15.8	15,8
340.4	15.7	15,7
340.5	15.6	15,6
340.6	15.5	15,5
340.7	15.4	15,4
340.8	15.4	15,4
340.9	15.3	15,3
341	15.2	15,2
341.1	15.1	15,1
341.2	15	15
341.3	15	15
341.4	14.9	14,9
341.5	14.8	14,8
341.6	14.7	14,7
341.7	14.6	14,6
341.8	14.6	14,6
341.9	14.5	14,5
342	14.4	14,4
342.1	14.3	14,3
342.2	14.2	14,2
342.3	14.1	14,1
342.4	14	14
342.5	13.9	13,9
342.6	13.8	13,8
342.7	13.7	13,7
342.8	13.6	13,6
342.9	13.5	13,5
343	13.4	13,4
343.1	13.1	13,1
343.2	12.9	12,9
343.3	12.6	12,6
343.4	12.4	12,4
343.5	12.1	12,1
343.6	11.8	11,8
343.7	11.6	11,6
343.8	11.3	11,3
343.9	11.1	11,1
344	10.8	10,8
344.1	10.4	10,4
344.2	10	10
344.3	9.6	9,6
344.4	9.2	9,2
344.5	8.8	8,8
344.6	8.4	8,4
344.7	8	8
344.8	7.6	7,6
344.9	7.2	7,2
345	6.8	6,8
345.1	6.4	6,4
345.2	6	6
345.3	5.7	5,7
345.4	5.3	5,3
345.5	4.9	4,9
345.6	4.5	4,5
345.7	4.1	4,1
345.8	3.8	3,8
345.9	3.4	3,4
346	3	3
346.1	3	3
346.2	3	3
346.3	2.9	2,9
346.4	2.9	2,9
346.5	2.9	2,9
346.6	2.9	2,9
346.7	2.9	2,9
346.8	2.8	2,8
346.9	2.8	2,8
347	2.8	2,8
347.1	2.7	2,7
347.2	2.6	2,6
347.3	2.4	2,4
347.4	2.3	2,3
347.5	2.2	2,2
347.6	2.1	2,1
347.7	2	2
347.8	1.8	1,8
347.9	1.7	1,7
348	1.6	1,6
348.1	1.4	1,4
348.2	1.3	1,3
348.3	1.1	1,1
348.4	1	1
348.5	0.8	0,8
348.6	0.6	0,6
348.7	0.5	0,5
348.8	0.3	0,3
348.9	0.2	0,2
349	0	0
349.1	0	0
349.2	0	0
349.3	0	0
349.4	0	0
349.5	0	0
349.6	0	0
349.7	0	0
349.8	0	0
349.9	0	0
350	0	0
350.1	0	0
350.2	0	0
350.3	0	0
350.4	0	0
350.5	0	0
350.6	0	0
350.7	0	0
350.8	0	0
350.9	0	0
351	0	0
351.1	0	0
351.2	0	0
351.3	0	0
351.4	0	0
351.5	0	0
351.6	0	0
351.7	0	0
351.8	0	0
351.9	0	0
352	0	0
352.1	0	0
352.2	0	0
352.3	0	0
352.4	0	0
352.5	0	0
352.6	0	0
352.7	0	0
352.8	0	0
352.9	0	0
353	0	0
353.1	0	0
353.2	0	0
353.3	0	0
353.4	0	0
353.5	0	0
353.6	0	0
353.7	0	0
353.8	0	0
353.9	0	0
354	0	0
354.1	0	0
354.2	0	0
354.3	0	0
354.4	0	0
354.5	0	0
354.6	0	0
354.7	0	0
354.8	0	0
354.9	0	0
355	0	0
355.1	0	0
355.2	0	0
355.3	0	0
355.4	0	0
355.5	0	0
355.6	0	0
355.7	0	0
355.8	0	0
355.9	0	0
356	0	0
356.1	0	0
356.2	0	0
356.3	0	0
356.4	0	0
356.5	0	0
356.6	0	0
356.7	0	0
356.8	0	0
356.9	0	0
357	0	0
357.1	0	0
357.2	0	0
357.3	0	0
357.4	0	0
357.5	0	0
357.6	0	0
357.7	0	0
357.8	0	0
357.9	0	0
358	0	0
358.1	0	0
358.2	0	0
358.3	0	0
358.4	0	0
358.5	0	0
358.6	0	0
358.7	0	0
358.8	0	0
358.9	0	0
359	0	0
359.1	0	0
359.2	0	0
359.3	0	0
359.4	0	0
359.5	0	0
359.6	0	0
359.7	0	0
359.8	0	0
359.9	0	0
360	0	0
360.1	0	0
360.2	0	0
360.3	0	0
360.4	0	0
360.5	0	0
360.6	0	0
360.7	0	0
360.8	0	0
360.9	0	0
361	0	0
361.1	0	0
361.2	0	0
361.3	0	0
361.4	0	0
361.5	0	0
361.6	0	0
361.7	0	0
361.8	0	0
361.9	0	0
362	0	0
362.1	0	0
362.2	0	0
362.3	0	0
362.4	0	0
362.5	0	0
362.6	0	0
362.7	0	0
362.8	0	0
362.9	0	0
363	0	0
363.1	0	0
363.2	0	0
363.3	0	0
363.4	0	0
363.5	0	0
363.6	0	0
363.7	0	0
363.8	0	0
363.9	0	0
364	0	0
364.1	0	0
364.2	0	0
364.3	0	0
364.4	0	0
364.5	0	0
364.6	0	0
364.7	0	0
364.8	0	0
364.9	0	0
365	0	0
365.1	0	0
365.2	0	0
365.3	0	0
365.4	0	0
365.5	0	0
365.6	0	0
365.7	0	0
365.8	0	0
365.9	0	0
366	0	0
366.1	0	0
366.2	0	0
366.3	0	0
366.4	0	0
366.5	0	0
366.6	0	0
366.7	0	0
366.8	0	0
366.9	0	0
367	0	0
367.1	0	0
367.2	0	0
367.3	0	0
367.4	0	0
367.5	0	0
367.6	0	0
367.7	0	0
367.8	0	0
367.9	0	0
368	0	0
368.1	0	0
368.2	0	0
368.3	0	0
368.4	0	0
368.5	0	0
368.6	0	0
368.7	0	0
368.8	0	0
368.9	0	0
369	0	0
369.1	0	0
369.2	0	0
369.3	0	0
369.4	0	0
369.5	0	0
369.6	0	0
369.7	0	0
369.8	0	0
369.9	0	0
370	0	0
370.1	0	0
370.2	0	0
370.3	0	0
370.4	0	0
370.5	0	0
370.6	0	0
370.7	0	0
370.8	0	0
370.9	0	0
371	0	0
371.1	0	0
371.2	0	0
371.3	0	0
371.4	0	0
371.5	0	0
371.6	0	0
371.7	0	0
371.8	0	0
371.9	0	0
372	0	0
372.1	0	0
372.2	0	0
372.3	0	0
372.4	0	0
372.5	0	0
372.6	0	0
372.7	0	0
372.8	0	0
372.9	0	0
373	0	0
373.1	0	0
373.2	0	0
373.3	0	0
373.4	0	0
373.5	0	0
373.6	0	0
373.7	0	0
373.8	0	0
373.9	0	0
374	0	0
374.1	0	0
374.2	0	0
374.3	0	0
374.4	0	0
374.5	0	0
374.6	0	0
374.7	0	0
374.8	0	0
374.9	0	0
375	0	0
375.1	0	0
375.2	0	0
375.3	0	0
375.4	0	0
375.5	0	0
375.6	0	0
375.7	0	0
375.8	0	0
375.9	0	0
376	0	0
376.1	0	0
376.2	0	0
376.3	0	0
376.4	0	0
376.5	0	0
376.6	0	0
376.7	0	0
376.8	0	0
376.9	0	0
377	0	0
377.1	0	0
377.2	0	0
377.3	0	0
377.4	0	0
377.5	0	0
377.6	0	0
377.7	0	0
377.8	0	0
377.9	0	0
378	0	0
378.1	0	0
378.2	0	0
378.3	0	0
378.4	0	0
378.5	0	0
378.6	0	0
378.7	0	0
378.8	0	0
378.9	0	0
379	0	0
379.1	0	0
379.2	0	0
379.3	0	0
379.4	0	0
379.5	0	0
379.6	0	0
379.7	0	0
379.8	0	0
379.9	0	0
380	0	0
380.1	0	0
380.2	0	0
380.3	0	0
380.4	0	0
380.5	0	0
380.6	0	0
380.7	0	0
380.8	0	0
380.9	0	0
381	0	0
381.1	0	0
381.2	0	0
381.3	0	0
381.4	0	0
381.5	0	0
381.6	0	0
381.7	0	0
381.8	0	0
381.9	0	0
382	0	0
382.1	0	0
382.2	0	0
382.3	0	0
382.4	0	0
382.5	0	0
382.6	0	0
382.7	0	0
382.8	0	0
382.9	0	0
383	0	0
383.1	0	0
383.2	0	0
383.3	0	0
383.4	0	0
383.5	0	0
383.6	0	0
383.7	0	0
383.8	0	0
383.9	0	0
384	0	0
384.1	0	0
384.2	0	0
384.3	0	0
384.4	0	0
384.5	0	0
384.6	0	0
384.7	0	0
384.8	0	0
384.9	0	0
385	0	0
385.1	0	0
385.2	0	0
385.3	0	0
385.4	0	0
385.5	0	0
385.6	0	0
385.7	0	0
385.8	0	0
385.9	0	0
386	0	0
386.1	0	0
386.2	0	0
386.3	0	0
386.4	0	0
386.5	0	0
386.6	0	0
386.7	0	0
386.8	0	0
386.9	0	0
387	0	0
387.1	0	0
387.2	0	0
387.3	0	0
387.4	0	0
387.5	0	0
387.6	0	0
387.7	0	0
387.8	0	0
387.9	0	0
388	0	0
388.1	0	0
388.2	0	0
388.3	0	0
388.4	0	0
388.5	0	0
388.6	0	0
388.7	0	0
388.8	0	0
388.9	0	0
389	0	0
389.1	0	0
389.2	0	0
389.3	0	0
389.4	0	0
389.5	0	0
389.6	0	0
389.7	0	0
389.8	0	0
389.9	0	0
390	0	0
390.1	0.5	0,5
390.2	1	1
390.3	1.4	1,4
390.4	1.9	1,9
390.5	2.4	2,4
390.6	2.9	2,9
390.7	3.4	3,4
390.8	3.8	3,8
390.9	4.3	4,3
391	4.8	4,8
391.1	5.3	5,3
391.2	5.8	5,8
391.3	6.2	6,2
391.4	6.7	6,7
391.5	7.2	7,2
391.6	7.7	7,7
391.7	8.2	8,2
391.8	8.6	8,6
391.9	9.1	9,1
392	9.6	9,6
392.1	9.7	9,7
392.2	9.8	9,8
392.3	10	10
392.4	10.1	10,1
392.5	10.2	10,2
392.6	10.3	10,3
392.7	10.4	10,4
392.8	10.6	10,6
392.9	10.7	10,7
393	10.8	10,8
393.1	10.8	10,8
393.2	10.8	10,8
393.3	10.7	10,7
393.4	10.7	10,7
393.5	10.7	10,7
393.6	10.7	10,7
393.7	10.7	10,7
393.8	10.6	10,6
393.9	10.6	10,6
394	10.6	10,6
394.1	10.5	10,5
394.2	10.5	10,5
394.3	10.4	10,4
394.4	10.4	10,4
394.5	10.3	10,3
394.6	10.2	10,2
394.7	10.2	10,2
394.8	10.1	10,1
394.9	10.1	10,1
395	10	10
395.1	9.9	9,9
395.2	9.9	9,9
395.3	9.8	9,8
395.4	9.8	9,8
395.5	9.7	9,7
395.6	9.6	9,6
395.7	9.6	9,6
395.8	9.5	9,5
395.9	9.5	9,5
396	9.4	9,4
396.1	9.3	9,3
396.2	9.3	9,3
396.3	9.2	9,2
396.4	9.2	9,2
396.5	9.1	9,1
396.6	9	9
396.7	9	9
396.8	8.9	8,9
396.9	8.9	8,9
397	8.8	8,8
397.1	8.8	8,8
397.2	8.7	8,7
397.3	8.7	8,7
397.4	8.6	8,6
397.5	8.6	8,6
397.6	8.6	8,6
397.7	8.5	8,5
397.8	8.5	8,5
397.9	8.4	8,4
398	8.4	8,4
398.1	8.4	8,4
398.2	8.4	8,4
398.3	8.5	8,5
398.4	8.5	8,5
398.5	8.5	8,5
398.6	8.5	8,5
398.7	8.5	8,5
398.8	8.6	8,6
398.9	8.6	8,6
399	8.6	8,6
399.1	8.9	8,9
399.2	9.2	9,2
399.3	9.6	9,6
399.4	9.9	9,9
399.5	10.2	10,2
399.6	10.5	10,5
399.7	10.8	10,8
399.8	11.2	11,2
399.9	11.5	11,5
400	11.8	11,8
400.1	12	12
400.2	12.1	12,1
400.3	12.3	12,3
400.4	12.4	12,4
400.5	12.6	12,6
400.6	12.8	12,8
400.7	12.9	12,9
400.8	13.1	13,1
400.9	13.2	13,2
401	13.4	13,4
401.1	13.3	13,3
401.2	13.1	13,1
401.3	13	13
401.4	12.8	12,8
401.5	12.7	12,7
401.6	12.6	12,6
401.7	12.4	12,4
401.8	12.3	12,3
401.9	12.1	12,1
402	12	12
402.1	11.6	11,6
402.2	11.3	11,3
402.3	10.9	10,9
402.4	10.6	10,6
402.5	10.2	10,2
402.6	9.8	9,8
402.7	9.5	9,5
402.8	9.1	9,1
402.9	8.8	8,8
403	8.4	8,4
403.1	8	8
403.2	7.6	7,6
403.3	7.1	7,1
403.4	6.7	6,7
403.5	6.3	6,3
403.6	5.9	5,9
403.7	5.5	5,5
403.8	5	5
403.9	4.6	4,6
404	4.2	4,2
404.1	4.1	4,1
404.2	4	4
404.3	3.8	3,8
404.4	3.7	3,7
404.5	3.6	3,6
404.6	3.5	3,5
404.7	3.4	3,4
404.8	3.2	3,2
404.9	3.1	3,1
405	3	3
405.1	3	3
405.2	2.9	2,9
405.3	2.9	2,9
405.4	2.8	2,8
405.5	2.8	2,8
405.6	2.8	2,8
405.7	2.7	2,7
405.8	2.7	2,7
405.9	2.6	2,6
406	2.6	2,6
406.1	2.4	2,4
406.2	2.2	2,2
406.3	2	2
406.4	1.8	1,8
406.5	1.6	1,6
406.6	1.4	1,4
406.7	1.2	1,2
406.8	1	1
406.9	0.8	0,8
407	0.6	0,6
407.1	0.5	0,5
407.2	0.5	0,5
407.3	0.4	0,4
407.4	0.4	0,4
407.5	0.3	0,3
407.6	0.2	0,2
407.7	0.2	0,2
407.8	0.1	0,1
407.9	0.1	0,1
408	0	0
408.1	0	0
408.2	0	0
408.3	0	0
408.4	0	0
408.5	0	0
408.6	0	0
408.7	0	0
408.8	0	0
408.9	0	0
409	0	0
409.1	0	0
409.2	0	0
409.3	0	0
409.4	0	0
409.5	0	0
409.6	0	0
409.7	0	0
409.8	0	0
409.9	0	0
410	0	0
410.1	0	0
410.2	0	0
410.3	0	0
410.4	0	0
410.5	0	0
410.6	0	0
410.7	0	0
410.8	0	0
410.9	0	0
411	0	0
411.1	0	0
411.2	0	0
411.3	0	0
411.4	0	0
411.5	0	0
411.6	0	0
411.7	0	0
411.8	0	0
411.9	0	0
412	0	0
412.1	0	0
412.2	0	0
412.3	0	0
412.4	0	0
412.5	0	0
412.6	0	0
412.7	0	0
412.8	0	0
412.9	0	0
413	0	0
413.1	0	0
413.2	0	0
413.3	0	0
413.4	0	0
413.5	0	0
413.6	0	0
413.7	0	0
413.8	0	0
413.9	0	0
414	0	0
414.1	0	0
414.2	0	0
414.3	0	0
414.4	0	0
414.5	0	0
414.6	0	0
414.7	0	0
414.8	0	0
414.9	0	0
415	0	0
415.1	0	0
415.2	0	0
415.3	0	0
415.4	0	0
415.5	0	0
415.6	0	0
415.7	0	0
415.8	0	0
415.9	0	0
416	0	0
416.1	0	0
416.2	0	0
416.3	0	0
416.4	0	0
416.5	0	0
416.6	0	0
416.7	0	0
416.8	0	0
416.9	0	0
417	0	0
417.1	0	0
417.2	0	0
417.3	0	0
417.4	0	0
417.5	0	0
417.6	0	0
417.7	0	0
417.8	0	0
417.9	0	0
418	0	0
418.1	0	0
418.2	0	0
418.3	0	0
418.4	0	0
418.5	0	0
418.6	0	0
418.7	0	0
418.8	0	0
418.9	0	0
419	0	0
419.1	0	0
419.2	0	0
419.3	0	0
419.4	0	0
419.5	0	0
419.6	0	0
419.7	0	0
419.8	0	0
419.9	0	0
420	0	0
420.1	0	0
420.2	0	0
420.3	0	0
420.4	0	0
420.5	0	0
420.6	0	0
420.7	0	0
420.8	0	0
420.9	0	0
421	0	0
421.1	0	0
421.2	0	0
421.3	0	0
421.4	0	0
421.5	0	0
421.6	0	0
421.7	0	0
421.8	0	0
421.9	0	0
422	0	0
422.1	0	0
422.2	0	0
422.3	0	0
422.4	0	0
422.5	0	0
422.6	0	0
422.7	0	0
422.8	0	0
422.9	0	0
423	0	0
423.1	0	0
423.2	0	0
423.3	0	0
423.4	0	0
423.5	0	0
423.6	0	0
423.7	0	0
423.8	0	0
423.9	0	0
424	0	0
424.1	0	0
424.2	0	0
424.3	0	0
424.4	0	0
424.5	0	0
424.6	0	0
424.7	0	0
424.8	0	0
424.9	0	0
425	0	0
425.1	0	0
425.2	0	0
425.3	0	0
425.4	0	0
425.5	0	0
425.6	0	0
425.7	0	0
425.8	0	0
425.9	0	0
426	0	0
426.1	0	0
426.2	0	0
426.3	0	0
426.4	0	0
426.5	0	0
426.6	0	0
426.7	0	0
426.8	0	0
426.9	0	0
427	0	0
427.1	0	0
427.2	0	0
427.3	0	0
427.4	0	0
427.5	0	0
427.6	0	0
427.7	0	0
427.8	0	0
427.9	0	0
428	0	0
428.1	0	0
428.2	0	0
428.3	0	0
428.4	0	0
428.5	0	0
428.6	0	0
428.7	0	0
428.8	0	0
428.9	0	0
429	0	0
429.1	0	0
429.2	0	0
429.3	0	0
429.4	0	0
429.5	0	0
429.6	0	0
429.7	0	0
429.8	0	0
429.9	0	0
430	0	0
430.1	0	0
430.2	0	0
430.3	0	0
430.4	0	0
430.5	0	0
430.6	0	0
430.7	0	0
430.8	0	0
430.9	0	0
431	0	0
431.1	0	0
431.2	0	0
431.3	0	0
431.4	0	0
431.5	0	0
431.6	0	0
431.7	0	0
431.8	0	0
431.9	0	0
432	0	0
432.1	0	0
432.2	0	0
432.3	0	0
432.4	0	0
432.5	0	0
432.6	0	0
432.7	0	0
432.8	0	0
432.9	0	0
433	0	0
433.1	0	0
433.2	0	0
433.3	0	0
433.4	0	0
433.5	0	0
433.6	0	0
433.7	0	0
433.8	0	0
433.9	0	0
434	0	0
434.1	0	0
434.2	0	0
434.3	0	0
434.4	0	0
434.5	0	0
434.6	0	0
434.7	0	0
434.8	0	0
434.9	0	0
435	0	0
435.1	0.5	0,5
435.2	1	1
435.3	1.4	1,4
435.4	1.9	1,9
435.5	2.4	2,4
435.6	2.9	2,9
435.7	3.4	3,4
435.8	3.8	3,8
435.9	4.3	4,3
436	4.8	4,8
436.1	5.3	5,3
436.2	5.8	5,8
436.3	6.2	6,2
436.4	6.7	6,7
436.5	7.2	7,2
436.6	7.7	7,7
436.7	8.2	8,2
436.8	8.6	8,6
436.9	9.1	9,1
437	9.6	9,6
437.1	9.7	9,7
437.2	9.9	9,9
437.3	10	10
437.4	10.2	10,2
437.5	10.3	10,3
437.6	10.4	10,4
437.7	10.6	10,6
437.8	10.7	10,7
437.9	10.9	10,9
438	11	11
438.1	11	11
438.2	10.9	10,9
438.3	10.9	10,9
438.4	10.8	10,8
438.5	10.8	10,8
438.6	10.8	10,8
438.7	10.7	10,7
438.8	10.7	10,7
438.9	10.6	10,6
439	10.6	10,6
439.1	10.5	10,5
439.2	10.4	10,4
439.3	10.4	10,4
439.4	10.3	10,3
439.5	10.2	10,2
439.6	10.1	10,1
439.7	10	10
439.8	10	10
439.9	9.9	9,9
440	9.8	9,8
440.1	9.5	9,5
440.2	9.1	9,1
440.3	8.8	8,8
440.4	8.4	8,4
440.5	8.1	8,1
440.6	7.8	7,8
440.7	7.4	7,4
440.8	7.1	7,1
440.9	6.7	6,7
441	6.4	6,4
441.1	6.1	6,1
441.2	5.7	5,7
441.3	5.4	5,4
441.4	5	5
441.5	4.7	4,7
441.6	4.4	4,4
441.7	4	4
441.8	3.7	3,7
441.9	3.3	3,3
442	3	3
442.1	3	3
442.2	3	3
442.3	2.9	2,9
442.4	2.9	2,9
442.5	2.9	2,9
442.6	2.9	2,9
442.7	2.9	2,9
442.8	2.8	2,8
442.9	2.8	2,8
443	2.8	2,8
443.1	2.6	2,6
443.2	2.4	2,4
443.3	2.3	2,3
443.4	2.1	2,1
443.5	1.9	1,9
443.6	1.7	1,7
443.7	1.5	1,5
443.8	1.4	1,4
443.9	1.2	1,2
444	1	1
444.1	0.9	0,9
444.2	0.8	0,8
444.3	0.7	0,7
444.4	0.6	0,6
444.5	0.5	0,5
444.6	0.4	0,4
444.7	0.3	0,3
444.8	0.2	0,2
444.9	0.1	0,1
445	0	0
445.1	0	0
445.2	0	0
445.3	0	0
445.4	0	0
445.5	0	0
445.6	0	0
445.7	0	0
445.8	0	0
445.9	0	0
446	0	0
446.1	0	0
446.2	0	0
446.3	0	0
446.4	0	0
446.5	0	0
446.6	0	0
446.7	0	0
446.8	0	0
446.9	0	0
447	0	0
447.1	0	0
447.2	0	0
447.3	0	0
447.4	0	0
447.5	0	0
447.6	0	0
447.7	0	0
447.8	0	0
447.9	0	0
448	0	0
448.1	0	0
448.2	0	0
448.3	0	0
448.4	0	0
448.5	0	0
448.6	0	0
448.7	0	0
448.8	0	0
448.9	0	0
449	0	0
449.1	0	0
449.2	0	0
449.3	0	0
449.4	0	0
449.5	0	0
449.6	0	0
449.7	0	0
449.8	0	0
449.9	0	0
450	0	0
450.1	0	0
450.2	0	0
450.3	0	0
450.4	0	0
450.5	0	0
450.6	0	0
450.7	0	0
450.8	0	0
450.9	0	0
451	0	0
451.1	0	0
451.2	0	0
451.3	0	0
451.4	0	0
451.5	0	0
451.6	0	0
451.7	0	0
451.8	0	0
451.9	0	0
452	0	0
452.1	0	0
452.2	0	0
452.3	0	0
452.4	0	0
452.5	0	0
452.6	0	0
452.7	0	0
452.8	0	0
452.9	0	0
453	0	0
453.1	0	0
453.2	0	0
453.3	0	0
453.4	0	0
453.5	0	0
453.6	0	0
453.7	0	0
453.8	0	0
453.9	0	0
454	0	0
454.1	0	0
454.2	0	0
454.3	0	0
454.4	0	0
454.5	0	0
454.6	0	0
454.7	0	0
454.8	0	0
454.9	0	0
455	0	0
455.1	0	0
455.2	0	0
455.3	0	0
455.4	0	0
455.5	0	0
455.6	0	0
455.7	0	0
455.8	0	0
455.9	0	0
456	0	0
456.1	0	0
456.2	0	0
456.3	0	0
456.4	0	0
456.5	0	0
456.6	0	0
456.7	0	0
456.8	0	0
456.9	0	0
457	0	0
457.1	0	0
457.2	0	0
457.3	0	0
457.4	0	0
457.5	0	0
457.6	0	0
457.7	0	0
457.8	0	0
457.9	0	0
458	0	0
458.1	0	0
458.2	0	0
458.3	0	0
458.4	0	0
458.5	0	0
458.6	0	0
458.7	0	0
458.8	0	0
458.9	0	0
459	0	0
459.1	0	0
459.2	0	0
459.3	0	0
459.4	0	0
459.5	0	0
459.6	0	0
459.7	0	0
459.8	0	0
459.9	0	0
460	0	0
460.1	0	0
460.2	0	0
460.3	0	0
460.4	0	0
460.5	0	0
460.6	0	0
460.7	0	0
460.8	0	0
460.9	0	0
461	0	0
461.1	0	0
461.2	0	0
461.3	0	0
461.4	0	0
461.5	0	0
461.6	0	0
461.7	0	0
461.8	0	0
461.9	0	0
462	0	0
462.1	0	0
462.2	0	0
462.3	0	0
462.4	0	0
462.5	0	0
462.6	0	0
462.7	0	0
462.8	0	0
462.9	0	0
463	0	0
463.1	0	0
463.2	0	0
463.3	0	0
463.4	0	0
463.5	0	0
463.6	0	0
463.7	0	0
463.8	0	0
463.9	0	0
464	0	0
464.1	0	0
464.2	0	0
464.3	0	0
464.4	0	0
464.5	0	0
464.6	0	0
464.7	0	0
464.8	0	0
464.9	0	0
465	0	0
465.1	0	0
465.2	0	0
465.3	0	0
465.4	0	0
465.5	0	0
465.6	0	0
465.7	0	0
465.8	0	0
465.9	0	0
466	0	0
466.1	0	0
466.2	0	0
466.3	0	0
466.4	0	0
466.5	0	0
466.6	0	0
466.7	0	0
466.8	0	0
466.9	0	0
467	0	0
467.1	0	0
467.2	0	0
467.3	0	0
467.4	0	0
467.5	0	0
467.6	0	0
467.7	0	0
467.8	0	0
467.9	0	0
468	0	0
468.1	0	0
468.2	0	0
468.3	0	0
468.4	0	0
468.5	0	0
468.6	0	0
468.7	0	0
468.8	0	0
468.9	0	0
469	0	0
469.1	0	0
469.2	0	0
469.3	0	0
469.4	0	0
469.5	0	0
469.6	0	0
469.7	0	0
469.8	0	0
469.9	0	0
470	0	0
470.1	0	0
470.2	0	0
470.3	0	0
470.4	0	0
470.5	0	0
470.6	0	0
470.7	0	0
470.8	0	0
470.9	0	0
471	0	0
471.1	0	0
471.2	0	0
471.3	0	0
471.4	0	0
471.5	0	0
471.6	0	0
471.7	0	0
471.8	0	0
471.9	0	0
472	0	0
472.1	0	0
472.2	0	0
472.3	0	0
472.4	0	0
472.5	0	0
472.6	0	0
472.7	0	0
472.8	0	0
472.9	0	0
473	0	0
473.1	0	0
473.2	0	0
473.3	0	0
473.4	0	0
473.5	0	0
473.6	0	0
473.7	0	0
473.8	0	0
473.9	0	0
474	0	0
474.1	0	0
474.2	0	0
474.3	0	0
474.4	0	0
474.5	0	0
474.6	0	0
474.7	0	0
474.8	0	0
474.9	0	0
475	0	0
475.1	0	0
475.2	0	0
475.3	0	0
475.4	0	0
475.5	0	0
475.6	0	0
475.7	0	0
475.8	0	0
475.9	0	0
476	0	0
476.1	0	0
476.2	0	0
476.3	0	0
476.4	0	0
476.5	0	0
476.6	0	0
476.7	0	0
476.8	0	0
476.9	0	0
477	0	0
477.1	0	0
477.2	0	0
477.3	0	0
477.4	0	0
477.5	0	0
477.6	0	0
477.7	0	0
477.8	0	0
477.9	0	0
478	0	0
478.1	0	0
478.2	0	0
478.3	0	0
478.4	0	0
478.5	0	0
478.6	0	0
478.7	0	0
478.8	0	0
478.9	0	0
479	0	0
479.1	0	0
479.2	0	0
479.3	0	0
479.4	0	0
479.5	0	0
479.6	0	0
479.7	0	0
479.8	0	0
479.9	0	0
480	0	0
480.1	0.5	0,5
480.2	1	1
480.3	1.4	1,4
480.4	1.9	1,9
480.5	2.4	2,4
480.6	2.9	2,9
480.7	3.4	3,4
480.8	3.8	3,8
480.9	4.3	4,3
481	4.8	4,8
481.1	5.3	5,3
481.2	5.8	5,8
481.3	6.2	6,2
481.4	6.7	6,7
481.5	7.2	7,2
481.6	7.7	7,7
481.7	8.2	8,2
481.8	8.6	8,6
481.9	9.1	9,1
482	9.6	9,6
482.1	10	10
482.2	10.4	10,4
482.3	10.8	10,8
482.4	11.2	11,2
482.5	11.6	11,6
482.6	12	12
482.7	12.4	12,4
482.8	12.8	12,8
482.9	13.2	13,2
483	13.6	13,6
483.1	13.6	13,6
483.2	13.6	13,6
483.3	13.7	13,7
483.4	13.7	13,7
483.5	13.7	13,7
483.6	13.7	13,7
483.7	13.7	13,7
483.8	13.8	13,8
483.9	13.8	13,8
484	13.8	13,8
484.1	13.8	13,8
484.2	13.7	13,7
484.3	13.7	13,7
484.4	13.6	13,6
484.5	13.6	13,6
484.6	13.6	13,6
484.7	13.5	13,5
484.8	13.5	13,5
484.9	13.4	13,4
485	13.4	13,4
485.1	13.3	13,3
485.2	13.2	13,2
485.3	13.1	13,1
485.4	13	13
485.5	12.9	12,9
485.6	12.8	12,8
485.7	12.7	12,7
485.8	12.6	12,6
485.9	12.5	12,5
486	12.4	12,4
486.1	12.5	12,5
486.2	12.7	12,7
486.3	12.8	12,8
486.4	13	13
486.5	13.1	13,1
486.6	13.2	13,2
486.7	13.4	13,4
486.8	13.5	13,5
486.9	13.7	13,7
487	13.8	13,8
487.1	14	14
487.2	14.1	14,1
487.3	14.3	14,3
487.4	14.4	14,4
487.5	14.6	14,6
487.6	14.8	14,8
487.7	14.9	14,9
487.8	15.1	15,1
487.9	15.2	15,2
488	15.4	15,4
488.1	15.4	15,4
488.2	15.4	15,4
488.3	15.3	15,3
488.4	15.3	15,3
488.5	15.3	15,3
488.6	15.3	15,3
488.7	15.3	15,3
488.8	15.2	15,2
488.9	15.2	15,2
489	15.2	15,2
489.1	15.1	15,1
489.2	15	15
489.3	14.9	14,9
489.4	14.8	14,8
489.5	14.7	14,7
489.6	14.6	14,6
489.7	14.5	14,5
489.8	14.4	14,4
489.9	14.3	14,3
490	14.2	14,2
490.1	14.2	14,2
490.2	14.1	14,1
490.3	14.1	14,1
490.4	14	14
490.5	14	14
490.6	14	14
490.7	13.9	13,9
490.8	13.9	13,9
490.9	13.8	13,8
491	13.8	13,8
491.1	13.9	13,9
491.2	14	14
491.3	14	14
491.4	14.1	14,1
491.5	14.2	14,2
491.6	14.3	14,3
491.7	14.4	14,4
491.8	14.4	14,4
491.9	14.5	14,5
492	14.6	14,6
492.1	14.9	14,9
492.2	15.2	15,2
492.3	15.4	15,4
492.4	15.7	15,7
492.5	16	16
492.6	16.3	16,3
492.7	16.6	16,6
492.8	16.8	16,8
492.9	17.1	17,1
493	17.4	17,4
493.1	17.6	17,6
493.2	17.8	17,8
493.3	18.1	18,1
493.4	18.3	18,3
493.5	18.5	18,5
493.6	18.7	18,7
493.7	18.9	18,9
493.8	19.2	19,2
493.9	19.4	19,4
494	19.6	19,6
494.1	19.6	19,6
494.2	19.6	19,6
494.3	19.5	19,5
494.4	19.5	19,5
494.5	19.5	19,5
494.6	19.5	19,5
494.7	19.5	19,5
494.8	19.4	19,4
494.9	19.4	19,4
495	19.4	19,4
495.1	19.3	19,3
495.2	19.3	19,3
495.3	19.2	19,2
495.4	19.2	19,2
495.5	19.1	19,1
495.6	19	19
495.7	19	19
495.8	18.9	18,9
495.9	18.9	18,9
496	18.8	18,8
496.1	18.7	18,7
496.2	18.7	18,7
496.3	18.6	18,6
496.4	18.6	18,6
496.5	18.5	18,5
496.6	18.4	18,4
496.7	18.4	18,4
496.8	18.3	18,3
496.9	18.3	18,3
497	18.2	18,2
497.1	18.4	18,4
497.2	18.6	18,6
497.3	18.7	18,7
497.4	18.9	18,9
497.5	19.1	19,1
497.6	19.3	19,3
497.7	19.5	19,5
497.8	19.6	19,6
497.9	19.8	19,8
498	20	20
498.1	20	20
498.2	20	20
498.3	19.9	19,9
498.4	19.9	19,9
498.5	19.9	19,9
498.6	19.9	19,9
498.7	19.9	19,9
498.8	19.8	19,8
498.9	19.8	19,8
499	19.8	19,8
499.1	19.7	19,7
499.2	19.7	19,7
499.3	19.6	19,6
499.4	19.6	19,6
499.5	19.5	19,5
499.6	19.4	19,4
499.7	19.4	19,4
499.8	19.3	19,3
499.9	19.3	19,3
500	19.2	19,2
500.1	19.1	19,1
500.2	19	19
500.3	19	19
500.4	18.9	18,9
500.5	18.8	18,8
500.6	18.7	18,7
500.7	18.6	18,6
500.8	18.6	18,6
500.9	18.5	18,5
501	18.4	18,4
501.1	18.3	18,3
501.2	18.2	18,2
501.3	18.2	18,2
501.4	18.1	18,1
501.5	18	18
501.6	17.9	17,9
501.7	17.8	17,8
501.8	17.8	17,8
501.9	17.7	17,7
502	17.6	17,6
502.1	17.5	17,5
502.2	17.3	17,3
502.3	17.2	17,2
502.4	17	17
502.5	16.9	16,9
502.6	16.8	16,8
502.7	16.6	16,6
502.8	16.5	16,5
502.9	16.3	16,3
503	16.2	16,2
503.1	15.8	15,8
503.2	15.5	15,5
503.3	15.1	15,1
503.4	14.8	14,8
503.5	14.4	14,4
503.6	14	14
503.7	13.7	13,7
503.8	13.3	13,3
503.9	13	13
504	12.6	12,6
504.1	12.3	12,3
504.2	12	12
504.3	11.7	11,7
504.4	11.4	11,4
504.5	11.1	11,1
504.6	10.8	10,8
504.7	10.5	10,5
504.8	10.2	10,2
504.9	9.9	9,9
505	9.6	9,6
505.1	9.3	9,3
505.2	8.9	8,9
505.3	8.6	8,6
505.4	8.2	8,2
505.5	7.9	7,9
505.6	7.6	7,6
505.7	7.2	7,2
505.8	6.9	6,9
505.9	6.5	6,5
506	6.2	6,2
506.1	5.9	5,9
506.2	5.6	5,6
506.3	5.2	5,2
506.4	4.9	4,9
506.5	4.6	4,6
506.6	4.3	4,3
506.7	4	4
506.8	3.6	3,6
506.9	3.3	3,3
507	3	3
507.1	3	3
507.2	3	3
507.3	2.9	2,9
507.4	2.9	2,9
507.5	2.9	2,9
507.6	2.9	2,9
507.7	2.9	2,9
507.8	2.8	2,8
507.9	2.8	2,8
508	2.8	2,8
508.1	2.7	2,7
508.2	2.7	2,7
508.3	2.6	2,6
508.4	2.6	2,6
508.5	2.5	2,5
508.6	2.4	2,4
508.7	2.4	2,4
508.8	2.3	2,3
508.9	2.3	2,3
509	2.2	2,2
509.1	2	2
509.2	1.8	1,8
509.3	1.5	1,5
509.4	1.3	1,3
509.5	1.1	1,1
509.6	0.9	0,9
509.7	0.7	0,7
509.8	0.4	0,4
509.9	0.2	0,2
510	0	0
510.1	0	0
510.2	0	0
510.3	0	0
510.4	0	0
510.5	0	0
510.6	0	0
510.7	0	0
510.8	0	0
510.9	0	0
511	0	0
511.1	0	0
511.2	0	0
511.3	0	0
511.4	0	0
511.5	0	0
511.6	0	0
511.7	0	0
511.8	0	0
511.9	0	0
512	0	0
512.1	0	0
512.2	0	0
512.3	0	0
512.4	0	0
512.5	0	0
512.6	0	0
512.7	0	0
512.8	0	0
512.9	0	0
513	0	0
513.1	0	0
513.2	0	0
513.3	0	0
513.4	0	0
513.5	0	0
513.6	0	0
513.7	0	0
513.8	0	0
513.9	0	0
514	0	0
514.1	0	0
514.2	0	0
514.3	0	0
514.4	0	0
514.5	0	0
514.6	0	0
514.7	0	0
514.8	0	0
514.9	0	0
515	0	0
515.1	0	0
515.2	0	0
515.3	0	0
515.4	0	0
515.5	0	0
515.6	0	0
515.7	0	0
515.8	0	0
515.9	0	0
516	0	0
516.1	0	0
516.2	0	0
516.3	0	0
516.4	0	0
516.5	0	0
516.6	0	0
516.7	0	0
516.8	0	0
516.9	0	0
517	0	0
517.1	0	0
517.2	0	0
517.3	0	0
517.4	0	0
517.5	0	0
517.6	0	0
517.7	0	0
517.8	0	0
517.9	0	0
518	0	0
518.1	0	0
518.2	0	0
518.3	0	0
518.4	0	0
518.5	0	0
518.6	0	0
518.7	0	0
518.8	0	0
518.9	0	0
519	0	0
519.1	0	0
519.2	0	0
519.3	0	0
519.4	0	0
519.5	0	0
519.6	0	0
519.7	0	0
519.8	0	0
519.9	0	0
520	0	0
520.1	0	0
520.2	0	0
520.3	0	0
520.4	0	0
520.5	0	0
520.6	0	0
520.7	0	0
520.8	0	0
520.9	0	0
521	0	0
521.1	0	0
521.2	0	0
521.3	0	0
521.4	0	0
521.5	0	0
521.6	0	0
521.7	0	0
521.8	0	0
521.9	0	0
522	0	0
522.1	0	0
522.2	0	0
522.3	0	0
522.4	0	0
522.5	0	0
522.6	0	0
522.7	0	0
522.8	0	0
522.9	0	0
523	0	0
523.1	0	0
523.2	0	0
523.3	0	0
523.4	0	0
523.5	0	0
523.6	0	0
523.7	0	0
523.8	0	0
523.9	0	0
524	0	0
524.1	0	0
524.2	0	0
524.3	0	0
524.4	0	0
524.5	0	0
524.6	0	0
524.7	0	0
524.8	0	0
524.9	0	0
525	0	0
525.1	0	0
525.2	0	0
525.3	0	0
525.4	0	0
525.5	0	0
525.6	0	0
525.7	0	0
525.8	0	0
525.9	0	0
526	0	0
526.1	0	0
526.2	0	0
526.3	0	0
526.4	0	0
526.5	0	0
526.6	0	0
526.7	0	0
526.8	0	0
526.9	0	0
527	0	0
527.1	0	0
527.2	0	0
527.3	0	0
527.4	0	0
527.5	0	0
527.6	0	0
527.7	0	0
527.8	0	0
527.9	0	0
528	0	0
528.1	0	0
528.2	0	0
528.3	0	0
528.4	0	0
528.5	0	0
528.6	0	0
528.7	0	0
528.8	0	0
528.9	0	0
529	0	0
529.1	0	0
529.2	0	0
529.3	0	0
529.4	0	0
529.5	0	0
529.6	0	0
529.7	0	0
529.8	0	0
529.9	0	0
530	0	0
530.1	0	0
530.2	0	0
530.3	0	0
530.4	0	0
530.5	0	0
530.6	0	0
530.7	0	0
530.8	0	0
530.9	0	0
531	0	0
531.1	0	0
531.2	0	0
531.3	0	0
531.4	0	0
531.5	0	0
531.6	0	0
531.7	0	0
531.8	0	0
531.9	0	0
532	0	0
532.1	0	0
532.2	0	0
532.3	0	0
532.4	0	0
532.5	0	0
532.6	0	0
532.7	0	0
532.8	0	0
532.9	0	0
533	0	0
533.1	0	0
533.2	0	0
533.3	0	0
533.4	0	0
533.5	0	0
533.6	0	0
533.7	0	0
533.8	0	0
533.9	0	0
534	0	0
534.1	0	0
534.2	0	0
534.3	0	0
534.4	0	0
534.5	0	0
534.6	0	0
534.7	0	0
534.8	0	0
534.9	0	0
535	0	0
535.1	0	0
535.2	0	0
535.3	0	0
535.4	0	0
535.5	0	0
535.6	0	0
535.7	0	0
535.8	0	0
535.9	0	0
536	0	0
536.1	0	0
536.2	0	0
536.3	0	0
536.4	0	0
536.5	0	0
536.6	0	0
536.7	0	0
536.8	0	0
536.9	0	0
537	0	0
537.1	0	0
537.2	0	0
537.3	0	0
537.4	0	0
537.5	0	0
537.6	0	0
537.7	0	0
537.8	0	0
537.9	0	0
538	0	0
538.1	0	0
538.2	0	0
538.3	0	0
538.4	0	0
538.5	0	0
538.6	0	0
538.7	0	0
538.8	0	0
538.9	0	0
539	0	0
539.1	0	0
539.2	0	0
539.3	0	0
539.4	0	0
539.5	0	0
539.6	0	0
539.7	0	0
539.8	0	0
539.9	0	0
540	0	0
540.1	0	0
540.2	0	0
540.3	0	0
540.4	0	0
540.5	0	0
540.6	0	0
540.7	0	0
540.8	0	0
540.9	0	0
541	0	0
541.1	0	0
541.2	0	0
541.3	0	0
541.4	0	0
541.5	0	0
541.6	0	0
541.7	0	0
541.8	0	0
541.9	0	0
542	0	0
542.1	0	0
542.2	0	0
542.3	0	0
542.4	0	0
542.5	0	0
542.6	0	0
542.7	0	0
542.8	0	0
542.9	0	0
543	0	0
543.1	0	0
543.2	0	0
543.3	0	0
543.4	0	0
543.5	0	0
543.6	0	0
543.7	0	0
543.8	0	0
543.9	0	0
544	0	0
544.1	0	0
544.2	0	0
544.3	0	0
544.4	0	0
544.5	0	0
544.6	0	0
544.7	0	0
544.8	0	0
544.9	0	0
545	0	0
545.1	0	0
545.2	0	0
545.3	0	0
545.4	0	0
545.5	0	0
545.6	0	0
545.7	0	0
545.8	0	0
545.9	0	0
546	0	0
546.1	0	0
546.2	0	0
546.3	0	0
546.4	0	0
546.5	0	0
546.6	0	0
546.7	0	0
546.8	0	0
546.9	0	0
547	0	0
547.1	0	0
547.2	0	0
547.3	0	0
547.4	0	0
547.5	0	0
547.6	0	0
547.7	0	0
547.8	0	0
547.9	0	0
548	0	0
548.1	0	0
548.2	0	0
548.3	0	0
548.4	0	0
548.5	0	0
548.6	0	0
548.7	0	0
548.8	0	0
548.9	0	0
549	0	0
549.1	0	0
549.2	0	0
549.3	0	0
549.4	0	0
549.5	0	0
549.6	0	0
549.7	0	0
549.8	0	0
549.9	0	0
550	0	0
550.1	0	0
550.2	0	0
550.3	0	0
550.4	0	0
550.5	0	0
550.6	0	0
550.7	0	0
550.8	0	0
550.9	0	0
551	0	0
551.1	0	0
551.2	0	0
551.3	0	0
551.4	0	0
551.5	0	0
551.6	0	0
551.7	0	0
551.8	0	0
551.9	0	0
552	0	0
552.1	0	0
552.2	0	0
552.3	0	0
552.4	0	0
552.5	0	0
552.6	0	0
552.7	0	0
552.8	0	0
552.9	0	0
553	0	0
553.1	0	0
553.2	0	0
553.3	0	0
553.4	0	0
553.5	0	0
553.6	0	0
553.7	0	0
553.8	0	0
553.9	0	0
554	0	0
554.1	0	0
554.2	0	0
554.3	0	0
554.4	0	0
554.5	0	0
554.6	0	0
554.7	0	0
554.8	0	0
554.9	0	0
555	0	0
555.1	0.5	0,5
555.2	1	1
555.3	1.4	1,4
555.4	1.9	1,9
555.5	2.4	2,4
555.6	2.9	2,9
555.7	3.4	3,4
555.8	3.8	3,8
555.9	4.3	4,3
556	4.8	4,8
556.1	5.3	5,3
556.2	5.8	5,8
556.3	6.2	6,2
556.4	6.7	6,7
556.5	7.2	7,2
556.6	7.7	7,7
556.7	8.2	8,2
556.8	8.6	8,6
556.9	9.1	9,1
557	9.6	9,6
557.1	9.7	9,7
557.2	9.9	9,9
557.3	10	10
557.4	10.2	10,2
557.5	10.3	10,3
557.6	10.4	10,4
557.7	10.6	10,6
557.8	10.7	10,7
557.9	10.9	10,9
558	11	11
558.1	11	11
558.2	11	11
558.3	10.9	10,9
558.4	10.9	10,9
558.5	10.9	10,9
558.6	10.9	10,9
558.7	10.9	10,9
558.8	10.8	10,8
558.9	10.8	10,8
559	10.8	10,8
559.1	10.7	10,7
559.2	10.7	10,7
559.3	10.6	10,6
559.4	10.6	10,6
559.5	10.5	10,5
559.6	10.4	10,4
559.7	10.4	10,4
559.8	10.3	10,3
559.9	10.3	10,3
560	10.2	10,2
560.1	10.1	10,1
560.2	10.1	10,1
560.3	10	10
560.4	10	10
560.5	9.9	9,9
560.6	9.8	9,8
560.7	9.8	9,8
560.8	9.7	9,7
560.9	9.7	9,7
561	9.6	9,6
561.1	9.6	9,6
561.2	9.5	9,5
561.3	9.5	9,5
561.4	9.4	9,4
561.5	9.4	9,4
561.6	9.4	9,4
561.7	9.3	9,3
561.8	9.3	9,3
561.9	9.2	9,2
562	9.2	9,2
562.1	9.2	9,2
562.2	9.2	9,2
562.3	9.3	9,3
562.4	9.3	9,3
562.5	9.3	9,3
562.6	9.3	9,3
562.7	9.3	9,3
562.8	9.4	9,4
562.9	9.4	9,4
563	9.4	9,4
563.1	9.6	9,6
563.2	9.8	9,8
563.3	10	10
563.4	10.2	10,2
563.5	10.4	10,4
563.6	10.6	10,6
563.7	10.8	10,8
563.8	11	11
563.9	11.2	11,2
564	11.4	11,4
564.1	11.6	11,6
564.2	11.7	11,7
564.3	11.9	11,9
564.4	12	12
564.5	12.2	12,2
564.6	12.4	12,4
564.7	12.5	12,5
564.8	12.7	12,7
564.9	12.8	12,8
565	13	13
565.1	12.9	12,9
565.2	12.9	12,9
565.3	12.8	12,8
565.4	12.8	12,8
565.5	12.7	12,7
565.6	12.6	12,6
565.7	12.6	12,6
565.8	12.5	12,5
565.9	12.5	12,5
566	12.4	12,4
566.1	11.9	11,9
566.2	11.5	11,5
566.3	11	11
566.4	10.6	10,6
566.5	10.1	10,1
566.6	9.6	9,6
566.7	9.2	9,2
566.8	8.7	8,7
566.9	8.3	8,3
567	7.8	7,8
567.1	7.4	7,4
567.2	7.1	7,1
567.3	6.7	6,7
567.4	6.4	6,4
567.5	6	6
567.6	5.6	5,6
567.7	5.3	5,3
567.8	4.9	4,9
567.9	4.6	4,6
568	4.2	4,2
568.1	4.1	4,1
568.2	4	4
568.3	3.8	3,8
568.4	3.7	3,7
568.5	3.6	3,6
568.6	3.5	3,5
568.7	3.4	3,4
568.8	3.2	3,2
568.9	3.1	3,1
569	3	3
569.1	2.9	2,9
569.2	2.9	2,9
569.3	2.8	2,8
569.4	2.8	2,8
569.5	2.7	2,7
569.6	2.6	2,6
569.7	2.6	2,6
569.8	2.5	2,5
569.9	2.5	2,5
570	2.4	2,4
570.1	2.2	2,2
570.2	2	2
570.3	1.9	1,9
570.4	1.7	1,7
570.5	1.5	1,5
570.6	1.3	1,3
570.7	1.1	1,1
570.8	1	1
570.9	0.8	0,8
571	0.6	0,6
571.1	0.5	0,5
571.2	0.5	0,5
571.3	0.4	0,4
571.4	0.4	0,4
571.5	0.3	0,3
571.6	0.2	0,2
571.7	0.2	0,2
571.8	0.1	0,1
571.9	0.1	0,1
572	0	0
572.1	0	0
572.2	0	0
572.3	0	0
572.4	0	0
572.5	0	0
572.6	0	0
572.7	0	0
572.8	0	0
572.9	0	0
573	0	0
573.1	0	0
573.2	0	0
573.3	0	0
573.4	0	0
573.5	0	0
573.6	0	0
573.7	0	0
573.8	0	0
573.9	0	0
574	0	0
574.1	0	0
574.2	0	0
574.3	0	0
574.4	0	0
574.5	0	0
574.6	0	0
574.7	0	0
574.8	0	0
574.9	0	0
575	0	0
575.1	0	0
575.2	0	0
575.3	0	0
575.4	0	0
575.5	0	0
575.6	0	0
575.7	0	0
575.8	0	0
575.9	0	0
576	0	0
576.1	0	0
576.2	0	0
576.3	0	0
576.4	0	0
576.5	0	0
576.6	0	0
576.7	0	0
576.8	0	0
576.9	0	0
577	0	0
577.1	0	0
577.2	0	0
577.3	0	0
577.4	0	0
577.5	0	0
577.6	0	0
577.7	0	0
577.8	0	0
577.9	0	0
578	0	0
578.1	0	0
578.2	0	0
578.3	0	0
578.4	0	0
578.5	0	0
578.6	0	0
578.7	0	0
578.8	0	0
578.9	0	0
579	0	0
579.1	0	0
579.2	0	0
579.3	0	0
579.4	0	0
579.5	0	0
579.6	0	0
579.7	0	0
579.8	0	0
579.9	0	0
580	0	0
580.1	0	0
580.2	0	0
580.3	0	0
580.4	0	0
580.5	0	0
580.6	0	0
580.7	0	0
580.8	0	0
580.9	0	0
581	0	0
581.1	0	0
581.2	0	0
581.3	0	0
581.4	0	0
581.5	0	0
581.6	0	0
581.7	0	0
581.8	0	0
581.9	0	0
582	0	0
582.1	0	0
582.2	0	0
582.3	0	0
582.4	0	0
582.5	0	0
582.6	0	0
582.7	0	0
582.8	0	0
582.9	0	0
583	0	0
583.1	0	0
583.2	0	0
583.3	0	0
583.4	0	0
583.5	0	0
583.6	0	0
583.7	0	0
583.8	0	0
583.9	0	0
584	0	0
584.1	0	0
584.2	0	0
584.3	0	0
584.4	0	0
584.5	0	0
584.6	0	0
584.7	0	0
584.8	0	0
584.9	0	0
585	0	0
585.1	0	0
585.2	0	0
585.3	0	0
585.4	0	0
585.5	0	0
585.6	0	0
585.7	0	0
585.8	0	0
585.9	0	0
586	0	0
586.1	0	0
586.2	0	0
586.3	0	0
586.4	0	0
586.5	0	0
586.6	0	0
586.7	0	0
586.8	0	0
586.9	0	0
587	0	0
587.1	0	0
587.2	0	0
587.3	0	0
587.4	0	0
587.5	0	0
587.6	0	0
587.7	0	0
587.8	0	0
587.9	0	0
588	0	0
588.1	0	0
588.2	0	0
588.3	0	0
588.4	0	0
588.5	0	0
588.6	0	0
588.7	0	0
588.8	0	0
588.9	0	0
589	0	0
589.1	0	0
589.2	0	0
589.3	0	0
589.4	0	0
589.5	0	0
589.6	0	0
589.7	0	0
589.8	0	0
589.9	0	0
590	0	0
590.1	0	0
590.2	0	0
590.3	0	0
590.4	0	0
590.5	0	0
590.6	0	0
590.7	0	0
590.8	0	0
590.9	0	0
591	0	0
591.1	0	0
591.2	0	0
591.3	0	0
591.4	0	0
591.5	0	0
591.6	0	0
591.7	0	0
591.8	0	0
591.9	0	0
592	0	0
592.1	0	0
592.2	0	0
592.3	0	0
592.4	0	0
592.5	0	0
592.6	0	0
592.7	0	0
592.8	0	0
592.9	0	0
593	0	0
593.1	0	0
593.2	0	0
593.3	0	0
593.4	0	0
593.5	0	0
593.6	0	0
593.7	0	0
593.8	0	0
593.9	0	0
594	0	0
594.1	0	0
594.2	0	0
594.3	0	0
594.4	0	0
594.5	0	0
594.6	0	0
594.7	0	0
594.8	0	0
594.9	0	0
595	0	0
595.1	0	0
595.2	0	0
595.3	0	0
595.4	0	0
595.5	0	0
595.6	0	0
595.7	0	0
595.8	0	0
595.9	0	0
596	0	0
596.1	0	0
596.2	0	0
596.3	0	0
596.4	0	0
596.5	0	0
596.6	0	0
596.7	0	0
596.8	0	0
596.9	0	0
597	0	0
597.1	0	0
597.2	0	0
597.3	0	0
597.4	0	0
597.5	0	0
597.6	0	0
597.7	0	0
597.8	0	0
597.9	0	0
598	0	0
598.1	0	0
598.2	0	0
598.3	0	0
598.4	0	0
598.5	0	0
598.6	0	0
598.7	0	0
598.8	0	0
598.9	0	0
599	0	0
599.1	0	0
599.2	0	0
599.3	0	0
599.4	0	0
599.5	0	0
599.6	0	0
599.7	0	0
599.8	0	0
599.9	0	0
600	0	0
